1	265	2	152	1	417	16	31	0.547	0.6232	510	2
2	410	2	122	1	325	19	30	0.7788	0.8507	4564	6
3	253	1	117	1	220	20	28	0.5797	0.1466	503	4
4	277	3	179	3	485	21	28	0.1696	0.5934	4081	2
5	167	3	181	1	494	19	31	0.493	0.1033	727	2
6	423	3	85	3	202	23	31	0.1386	0.432	4993	5
7	236	2	164	3	306	16	24	0.2645	0.8836	2244	6
8	267	4	55	3	337	20	32	0.7243	0.6019	3823	7
9	374	4	96	1	487	16	27	0.1018	0.2871	2409	2
10	392	4	144	2	523	19	26	0.395	0.5057	2306	7
11	330	2	174	2	411	15	32	0.2811	0.0165	594	6
12	174	4	196	3	308	22	25	0.6266	0.5219	2415	2
13	169	1	52	1	444	21	24	0.7379	0.6466	2765	8
14	475	1	143	2	431	21	31	0.2563	0.4751	4640	2
15	182	4	82	1	467	19	28	0.2373	0.2739	3915	5
16	231	3	186	2	323	21	31	0.3449	0.0856	2812	8
17	217	4	168	1	398	16	24	0.5252	0.5566	787	6
18	304	3	104	2	400	16	24	0.4717	0.7768	3894	7
19	352	3	96	2	369	23	30	0.4222	0.8241	3917	6
20	320	4	179	2	263	23	31	0.6908	0.9347	3316	1
21	179	1	140	2	268	15	30	0.1729	0.4055	2441	4
22	358	3	125	2	306	21	32	0.3447	0.8458	1761	4
23	303	3	128	1	234	20	24	0.7592	0.0159	3802	1
24	294	2	162	1	314	16	27	0.6006	0.2541	1578	4
25	169	3	109	2	249	22	27	0.2312	0.8319	2367	4
26	306	3	107	1	263	18	32	0.4292	0.8995	1942	8
27	272	3	186	3	230	23	30	0.4201	0.5056	1736	6
28	412	1	170	3	493	20	29	0.7576	0.2003	4575	8
29	469	2	86	3	326	19	26	0.5425	0.3325	4354	7
30	226	2	138	1	478	18	27	0.5019	0.3155	2095	8
31	199	2	148	3	285	17	24	0.3892	0.4602	2893	1
32	291	4	169	1	269	22	29	0.3201	0.1344	3975	2
33	178	1	142	2	364	22	31	0.7876	0.4494	4324	4
34	209	2	88	1	369	16	31	0.7592	0.5807	2013	1
35	407	1	58	3	268	19	24	0.2063	0.4109	4128	2
36	182	4	185	2	370	22	28	0.797	0.1924	4714	6
37	426	2	158	3	440	16	25	0.2212	0.0002	4517	2
38	302	3	93	1	293	15	30	0.5462	0.6077	2809	3
39	390	2	149	1	197	18	28	0.1839	0.2641	717	5
40	363	4	76	1	484	21	30	0.2415	0.8355	2120	1
41	156	1	121	3	250	15	26	0.2623	0.8203	3372	4
42	230	2	168	2	460	22	28	0.3116	0.2891	4014	8
43	320	4	172	2	353	22	31	0.6603	0.1052	3417	5
44	430	3	174	2	419	17	28	0.5567	0.717	593	3
45	394	2	56	1	327	16	29	0.1442	0.8665	2788	3
46	151	4	190	3	442	20	25	0.7988	0.1827	814	5
47	177	4	53	2	523	21	29	0.5246	0.2898	4672	1
48	492	4	54	1	182	18	24	0.2618	0.3513	2832	5
49	214	3	176	2	255	23	24	0.6837	0.4766	918	1
50	152	3	133	3	221	17	25	0.7805	0.5305	3909	3
51	269	2	60	2	465	16	25	0.7604	0.3643	666	4
52	253	3	120	2	339	17	29	0.5753	0.3861	1546	7
53	279	1	97	2	271	18	32	0.2003	0.1336	4964	5
54	412	2	191	2	396	20	31	0.0018	0.6777	2621	2
55	396	2	58	1	420	20	32	0.0768	0.261	2884	5
56	479	2	146	3	515	23	31	0.2159	0.9954	4770	7
57	261	4	107	2	315	20	27	0.9716	0.8554	4686	8
58	473	1	57	3	402	16	28	0.952	0.5709	2381	6
59	354	1	50	1	367	18	24	0.3243	0.5143	4647	3
60	478	2	63	1	498	16	28	0.3976	0.4873	4748	8
61	457	3	141	2	353	23	27	0.8805	0.3283	4300	1
62	279	1	135	3	517	16	32	0.9499	0.6669	2736	4
63	241	1	176	1	227	15	31	0.5074	0.7491	2671	4
64	314	2	67	3	515	18	27	0.2505	0.7249	2058	8
65	322	1	186	1	383	19	28	0.6078	0.6115	4941	2
66	166	4	154	2	516	16	28	0.534	0.2455	2071	7
67	306	2	100	3	477	20	24	0.7107	0.37	3266	6
68	323	1	194	3	520	17	30	0.6355	0.1898	3975	2
69	386	1	152	2	433	22	24	0.9036	0.2558	2423	5
70	242	3	165	2	337	20	24	0.2096	0.7263	3594	4
71	160	2	50	1	495	21	24	0.2676	0.4818	3698	4
72	182	4	183	1	369	21	29	0.3199	0.4559	4670	1
73	265	1	99	1	475	19	27	0.0199	0.5041	675	5
74	482	3	198	1	252	21	24	0.7273	0.5869	2493	5
75	305	1	166	3	384	23	27	0.6078	0.0746	698	2
76	489	1	70	3	418	21	26	0.1029	0.0156	1894	2
77	470	1	58	1	201	15	28	0.2792	0.8838	1027	5
78	450	4	191	1	418	19	27	0.7671	0.7558	4695	2
79	326	4	138	1	445	16	31	0.1358	0.7885	3204	1
80	204	2	108	2	388	17	32	0.8059	0.9257	1279	4
81	237	4	109	3	521	19	32	0.5198	0.2147	2678	2
82	352	2	103	1	180	20	24	0.8296	0.4516	1697	1
83	291	4	185	2	228	23	31	0.0033	0.2017	4857	1
84	436	3	64	1	398	19	25	0.5937	0.7167	1796	1
85	463	4	117	2	412	18	32	0.8009	0.4748	4493	6
86	255	2	196	2	491	19	32	0.3806	0.0519	3031	1
87	416	3	196	2	384	21	29	0.8529	0.5413	1637	3
88	193	2	91	2	283	18	24	0.1545	0.3247	3547	3
89	462	1	160	1	186	22	27	0.0016	0.2662	3805	2
90	160	4	194	3	212	18	27	0.0601	0.9259	2301	1
91	489	1	94	1	381	21	30	0.2198	0.4977	1674	8
92	239	1	96	3	424	17	30	0.3355	0.505	1796	6
93	496	2	141	2	221	17	26	0.7836	0.2017	2432	7
94	377	3	185	1	478	16	29	0.1827	0.4908	614	1
95	250	3	89	3	467	23	29	0.0205	0.5176	2923	3
96	185	2	54	3	338	17	25	0.9043	0.3647	1216	2
97	413	1	131	3	366	18	31	0.8465	0.4098	2004	8
98	265	2	73	1	187	19	24	0.442	0.9751	1018	3
99	191	4	70	2	214	18	31	0.9171	0.824	3685	3
100	359	4	145	3	428	17	27	0.9268	0.1192	3350	6
101	184	4	181	2	382	17	26	0.3542	0.4682	1447	2
102	265	3	166	1	402	15	29	0.7157	0.7015	4187	3
103	182	1	111	3	495	17	28	0.2357	0.0657	3105	1
104	322	3	178	3	489	21	28	0.7358	0.6257	1177	7
105	451	2	195	2	305	22	28	0.8134	0.3754	1756	2
106	419	1	56	1	513	18	24	0.9582	0.1156	4659	7
107	268	4	165	1	381	18	28	0.5877	0.7139	545	4
108	282	1	80	1	474	19	24	0.3446	0.8703	1227	2
109	249	2	89	3	337	18	32	0.3198	0.6545	1435	4
110	347	2	116	3	379	19	24	0.9103	0.1944	1366	6
111	309	2	63	3	248	18	29	0.4393	0.4042	2646	3
112	357	4	112	2	524	21	26	0.2854	0.8764	4199	2
113	158	3	108	1	409	19	32	0.3065	0.9671	572	1
114	402	1	163	1	424	18	27	0.1069	0.2958	4263	7
115	454	3	146	2	472	22	30	0.5534	0.8177	4331	8
116	357	1	101	3	279	20	25	0.5123	0.996	1982	6
117	155	2	91	2	199	22	27	0.2279	0.8045	2456	1
118	190	3	199	2	434	20	24	0.3014	0.2641	4674	7
119	469	2	85	3	474	15	26	0.5364	0.5991	3566	8
120	432	4	87	3	378	18	24	0.9336	0.2527	3847	1
121	218	2	128	2	322	15	28	0.0528	0.2992	1952	5
122	160	3	154	1	293	16	29	0.2994	0.7549	1012	1
123	451	2	96	1	431	18	30	0.1432	0.5475	1241	5
124	327	1	58	2	429	15	29	0.6054	0.9563	1818	1
125	399	3	113	3	379	19	27	0.0014	0.8021	4788	2
126	238	4	200	2	186	20	25	0.5391	0.668	3945	1
127	202	2	174	3	188	23	24	0.0525	0.6635	3976	5
128	282	3	57	2	283	23	30	0.9481	0.6834	2649	4
129	392	3	133	3	353	18	30	0.6849	0.3605	4463	7
130	428	3	107	1	396	23	32	0.3618	0.4054	1248	2
131	438	4	153	2	331	23	25	0.0351	0.8893	1093	7
132	388	1	182	1	287	21	31	0.5084	0.0717	848	7
133	216	1	91	3	399	15	32	0.0237	0.6319	2575	6
134	218	3	156	3	238	18	29	0.9244	0.41	4942	7
135	312	3	158	1	313	23	25	0.6387	0.8603	1107	5
136	206	3	170	1	400	21	29	0.1952	0.3466	4760	6
137	434	1	110	3	433	19	27	0.8052	0.7092	1980	1
138	372	2	83	3	375	15	31	0.9419	0.1395	3010	7
139	176	1	69	3	295	22	30	0.5727	0.8715	1722	8
140	450	1	74	3	361	21	32	0.5746	0.076	4327	6
141	440	3	63	1	394	21	25	0.6954	0.4656	1236	6
142	487	2	115	3	428	15	26	0.0526	0.9769	4380	1
143	185	1	172	3	328	23	32	0.1505	0.1273	914	5
144	191	1	168	1	281	22	28	0.9065	0.6178	2823	6
145	373	1	96	1	215	23	26	0.1669	0.564	2307	1
146	208	1	91	1	403	18	25	0.7628	0.6952	1838	8
147	366	4	103	2	341	19	31	0.2097	0.8831	2909	3
148	410	2	105	1	459	20	27	0.6962	0.6676	4009	1
149	443	4	151	2	430	16	31	0.2164	0.778	578	3
150	257	2	114	2	447	22	24	0.9681	0.7215	1054	8
151	287	1	119	2	516	22	30	0.2238	0.2821	3396	5
152	317	3	180	3	514	22	25	0.0656	0.6789	4289	1
153	457	4	140	1	448	19	27	0.2476	0.497	1177	4
154	445	2	133	1	511	22	25	0.6971	0.6944	560	7
155	336	4	94	1	393	21	28	0.173	0.8924	1361	8
156	455	4	94	1	414	17	29	0.7723	0.3926	1796	5
157	402	4	189	3	242	23	25	0.8362	0.3013	4524	2
158	400	2	81	2	364	16	24	0.0028	0.4551	4312	7
159	325	4	70	2	444	16	24	0.4387	0.5317	2099	5
160	486	2	97	3	475	20	27	0.0574	0.7241	2253	7
161	436	2	89	3	318	20	26	0.5543	0.1322	1610	4
162	497	4	121	1	220	19	29	0.2707	0.558	1539	3
163	362	3	191	2	330	22	27	0.8999	0.9009	2333	2
164	499	4	123	1	475	22	30	0.1658	0.328	2567	4
165	373	1	151	3	395	20	28	0.5042	0.6023	3574	6
166	460	1	57	3	278	20	27	0.6778	0.2077	1531	8
167	184	1	171	2	241	21	27	0.5443	0.5757	2553	8
168	285	2	73	2	458	23	29	0.5724	0.8903	1525	3
169	190	3	84	3	230	16	25	0.4566	0.5506	564	1
170	190	4	95	1	348	17	26	0.6846	0.0834	1632	2
171	206	3	58	1	338	19	27	0.653	0.5434	4917	4
172	367	4	189	1	480	16	31	0.6764	0.1091	4076	1
173	499	1	70	1	446	20	25	0.467	0.3484	3749	1
174	444	1	193	3	414	19	27	0.3159	0.8161	1001	4
175	333	4	73	2	381	20	29	0.4314	0.0601	3198	8
176	287	4	85	1	325	23	32	0.5392	0.3653	1624	1
177	298	3	61	2	270	16	31	0.9902	0.8288	2765	5
178	339	1	86	3	430	15	31	0.6971	0.3281	3746	6
179	327	2	84	1	229	21	28	0.4713	0.4503	2306	6
180	465	2	178	2	298	16	32	0.0233	0.4085	4149	4
181	383	4	172	3	505	21	30	0.1193	0.5788	2323	2
182	363	2	148	2	292	15	31	0.5132	0.9172	2157	1
183	151	1	197	3	208	22	25	0.37	0.1494	1416	6
184	291	4	159	2	291	15	25	0.2609	0.5984	1380	4
185	402	4	96	2	426	22	27	0.4119	0.0516	1359	4
186	476	3	152	1	294	16	32	0.3555	0.9777	4758	7
187	292	3	104	2	206	23	27	0.2004	0.005	4035	5
188	440	2	86	1	485	22	30	0.258	0.494	2579	7
189	370	4	74	2	498	17	30	0.6703	0.2717	705	5
190	354	1	87	3	437	18	29	0.7579	0.2401	4916	8
191	218	3	159	3	400	22	26	0.3239	0.9249	2132	3
192	346	3	102	3	402	23	28	0.4715	0.1325	4044	5
193	457	4	53	2	413	15	29	0.8743	0.9291	3877	8
194	288	2	142	1	299	18	30	0.7273	0.5919	2303	6
195	334	3	82	2	284	21	28	0.2731	0.9991	682	7
196	313	4	118	3	349	22	30	0.4705	0.1618	1167	7
197	217	4	195	3	314	17	29	0.7956	0.4524	3622	1
198	437	1	169	2	490	17	31	0.8408	0.2547	1208	6
199	229	1	163	3	335	16	25	0.3629	0.2569	4732	8
200	369	1	111	2	433	20	30	0.8107	0.4844	830	3
201	314	2	191	1	202	19	28	0.2997	0.0217	3145	5
202	183	3	163	3	463	19	24	0.9636	0.1521	1910	6
203	418	4	178	2	233	20	27	0.8093	0.3054	4668	4
204	314	2	60	3	415	18	25	0.9446	0.0245	3342	7
205	482	1	177	2	442	22	32	0.9985	0.5247	3481	7
206	221	1	195	2	347	22	30	0.8566	0.7162	4011	2
207	339	2	169	3	316	22	30	0.7114	0.7975	3032	4
208	373	4	121	2	219	22	25	0.3083	0.5761	4355	1
209	320	2	160	1	211	19	30	0.8213	0.5248	1112	4
210	285	3	82	1	246	23	29	0.8394	0.9092	579	1
211	420	2	125	2	426	15	28	0.8687	0.6016	2843	1
212	299	4	51	2	504	15	24	0.7971	0.8769	4031	6
213	218	4	191	3	508	21	30	0.3673	0.5167	3326	2
214	385	2	174	2	512	18	31	0.0027	0.1586	1420	2
215	289	2	156	1	280	16	27	0.355	0.628	1503	5
216	174	4	167	3	490	21	28	0.3809	0.7151	2636	7
217	230	3	171	3	312	23	30	0.0023	0.7076	3649	6
218	179	1	104	1	243	20	32	0.7148	0.0707	1279	7
219	491	4	197	2	241	21	25	0.4241	0.7666	1446	2
220	286	3	181	1	414	19	30	0.4809	0.679	2923	8
221	303	1	89	2	197	16	28	0.2376	0.2615	1289	8
222	372	1	79	1	207	19	29	0.8382	0.896	2164	6
223	171	3	134	2	376	15	26	0.327	0.9822	888	6
224	258	2	130	3	357	20	29	0.0286	0.8398	2263	8
225	487	3	95	2	311	21	29	0.2171	0.573	3705	5
226	161	2	199	2	376	19	29	0.1802	0.2924	4253	5
227	416	2	177	1	432	18	30	0.5304	0.0117	1924	6
228	335	1	89	1	288	20	24	0.9403	0.2146	2371	1
229	207	1	75	1	234	23	29	0.5734	0.4959	4021	4
230	155	3	198	2	280	21	25	0.7067	0.4931	1864	3
231	190	1	143	2	507	23	30	0.7468	0.6202	4703	2
232	355	1	180	2	357	21	27	0.9339	0.1955	1217	6
233	247	3	90	1	200	15	26	0.0921	0.8274	2183	5
234	433	3	63	3	385	22	31	0.948	0.3695	1059	7
235	212	2	66	1	462	23	26	0.2393	0.2781	3562	6
236	413	2	104	3	465	16	32	0.9561	0.9229	3954	1
237	314	1	197	1	258	16	27	0.0179	0.7983	527	4
238	166	3	170	2	475	15	26	0.3913	0.4177	1213	4
239	402	3	104	3	206	17	30	0.3201	0.8206	952	7
240	403	1	155	1	307	20	30	0.4538	0.0537	3008	2
241	466	3	150	1	504	22	30	0.4339	0.9308	2977	2
242	468	4	150	2	380	15	31	0.636	0.8729	3881	3
243	155	3	191	3	395	19	30	0.4693	0.8811	1707	8
244	301	2	100	1	371	19	28	0.2307	0.8405	1422	3
245	282	3	115	2	208	16	24	0.987	0.9007	2614	2
246	348	3	181	3	346	19	25	0.495	0.0853	3414	8
247	151	2	135	3	204	21	30	0.1866	0.7682	3959	1
248	378	2	70	1	272	19	26	0.3409	0.0949	2998	8
249	490	4	178	2	466	16	28	0.805	0.2022	1174	8
250	371	1	147	3	221	17	28	0.1462	0.5757	4003	7
251	493	1	180	1	260	15	30	0.1423	0.8773	1784	8
252	424	1	111	3	231	21	24	0.4092	0.7596	1730	3
253	220	1	91	2	206	23	24	0.2942	0.9975	989	4
254	312	2	88	1	390	15	24	0.092	0.3985	2645	2
255	288	3	133	3	322	23	24	0.2008	0.6614	2658	3
256	496	1	134	3	367	19	29	0.548	0.6434	3713	1
257	283	2	193	2	242	17	26	0.1975	0.0734	4543	4
258	402	1	137	1	281	19	26	0.0782	0.1334	4795	7
259	460	3	119	1	365	19	24	0.4274	0.2794	3723	1
260	467	4	117	3	516	23	29	0.0448	0.1634	1333	5
261	158	3	106	3	453	23	28	0.0416	0.5965	2651	1
262	185	2	86	2	322	22	27	0.129	0.8582	2948	4
263	268	2	179	2	458	15	28	0.1123	0.3615	1220	1
264	169	2	180	1	259	18	31	0.5449	0.493	4862	7
265	414	1	128	2	404	19	26	0.762	0.0119	1516	5
266	462	4	132	1	209	22	25	0.5866	0.4957	1233	4
267	295	1	90	3	324	20	27	0.2616	0.8692	3314	2
268	400	4	192	2	206	19	30	0.3593	0.2556	3532	5
269	279	3	196	3	351	18	26	0.0748	0.2433	560	5
270	172	4	82	3	436	18	25	0.6924	0.9865	3493	5
271	284	4	76	1	219	18	26	0.5115	0.9719	1387	2
272	218	4	179	2	205	15	31	0.3128	0.8309	4039	8
273	265	1	114	1	434	23	30	0.3735	0.0815	3621	1
274	359	4	139	1	481	18	29	0.5173	0.7027	2408	7
275	376	1	99	2	437	20	30	0.6976	0.6408	1947	3
276	356	3	63	1	484	16	24	0.1164	0.6114	3348	8
277	434	3	66	1	419	22	31	0.5509	0.304	541	6
278	322	1	108	3	307	19	31	0.0697	0.0466	1286	8
279	471	2	196	3	224	17	32	0.1511	0.5634	508	8
280	319	1	166	1	314	20	27	0.0192	0.8038	1223	8
281	447	1	122	2	509	23	25	0.747	0.2989	2249	5
282	360	3	74	2	207	17	25	0.877	0.2912	2927	4
283	477	4	125	2	387	22	30	0.9898	0.0955	2671	6
284	250	1	190	1	350	16	27	0.0389	0.8151	956	3
285	290	1	107	3	245	16	30	0.1956	0.2366	1234	4
286	157	4	101	2	515	17	28	0.0916	0.1518	4849	4
287	257	4	106	3	474	20	26	0.341	0.6677	2282	7
288	289	4	84	2	411	23	29	0.6523	0.0449	3703	2
289	443	1	140	3	514	22	32	0.5389	0.8334	1013	6
290	256	2	157	2	466	21	25	0.4449	0.5061	1447	3
291	209	3	75	1	514	18	31	0.1439	0.8086	2435	4
292	153	2	100	2	215	22	25	0.491	0.9272	1284	8
293	277	3	80	2	199	20	27	0.2506	0.2173	1692	1
294	178	3	65	3	262	22	26	0.0452	0.0064	4133	2
295	314	2	180	1	288	16	26	0.259	0.1494	2025	8
296	383	2	173	3	308	15	27	0.885	0.2943	1361	4
297	313	4	117	2	455	21	31	0.6721	0.1122	585	8
298	187	3	179	2	468	20	26	0.1271	0.5937	1130	1
299	416	1	169	3	321	21	24	0.3654	0.4916	1088	1
300	163	1	159	3	499	20	24	0.7281	0.1805	1046	7
301	257	4	83	2	260	17	29	0.2381	0.0414	4297	8
302	165	4	150	3	252	17	25	0.7024	0.6944	2045	1
303	175	3	102	2	510	20	27	0.3003	0.6566	1496	6
304	261	3	138	2	413	18	32	0.1472	0.0259	1940	1
305	436	2	105	3	314	15	31	0.8763	0.8385	2452	4
306	320	4	75	2	477	16	32	0.5924	0.724	633	7
307	360	3	90	2	338	19	28	0.0728	0.4365	1796	6
308	337	2	117	3	496	17	30	0.3434	0.9405	3122	6
309	250	4	90	1	211	21	31	0.4453	0.6214	723	4
310	274	3	156	2	309	22	32	0.7931	0.4525	1418	2
311	257	1	174	3	256	20	32	0.511	0.4664	4282	2
312	262	2	143	3	264	17	29	0.1369	0.6129	4468	1
313	178	2	154	1	511	17	28	0.8565	0.9757	2867	4
314	484	1	116	1	334	20	32	0.7003	0.6537	1512	7
315	336	3	162	3	379	22	26	0.9511	0.7406	4551	7
316	430	1	190	2	292	16	29	0.5178	0.6804	1539	5
317	233	2	189	3	476	15	27	0.4487	0.637	2175	2
318	217	1	63	2	461	17	28	0.4303	0.3108	4290	3
319	304	2	74	1	506	22	32	0.5027	0.0457	4536	2
320	282	3	199	1	262	22	27	0.4892	0.7046	3052	5
321	202	4	121	2	477	15	26	0.2752	0.4174	1627	4
322	262	2	179	2	239	21	32	0.5438	0.0808	4884	3
323	492	1	137	2	322	16	31	0.8857	0.9375	4270	4
324	482	1	136	3	425	19	25	0.6212	0.2026	2676	1
325	417	3	150	1	273	23	26	0.6992	0.1914	2942	7
326	223	4	185	3	244	18	32	0.7956	0.7467	584	7
327	213	3	129	3	378	23	29	0.3231	0.214	3919	1
328	189	1	156	2	329	18	30	0.2854	0.4053	2578	2
329	301	3	114	2	443	21	29	0.1359	0.7034	1573	6
330	186	1	125	1	477	23	26	0.6032	0.6208	1524	2
331	266	4	154	2	334	19	32	0.1285	0.4442	1241	2
332	364	2	122	3	523	16	28	0.8476	0.3575	2645	2
333	345	3	167	3	473	19	27	0.7445	0.6982	1714	2
334	162	1	167	2	319	17	28	0.3901	0.3219	2476	7
335	498	1	158	2	185	17	28	0.4962	0.0445	3720	3
336	444	4	97	3	221	22	32	0.8559	0.4807	4640	8
337	316	3	100	3	373	16	29	0.0066	0.6177	2900	1
338	300	4	108	2	258	22	31	0.3836	0.3607	631	5
339	385	1	118	1	502	18	29	0.1953	0.7717	3810	1
340	336	2	87	1	330	18	31	0.6306	0.5585	3544	8
341	289	3	173	1	351	22	24	0.0456	0.6017	1350	1
342	162	2	169	2	200	21	28	0.4004	0.4714	2152	6
343	496	4	110	1	375	19	29	0.4199	0.54	1211	2
344	345	4	170	2	210	18	28	0.7308	0.0337	2592	1
345	348	3	60	3	270	19	30	0.8923	0.5497	2230	1
346	433	1	67	3	308	20	24	0.4744	0.2164	4416	3
347	330	4	135	3	368	19	32	0.451	0.0496	534	2
348	157	2	134	2	372	16	25	0.2237	0.1324	4905	6
349	253	3	124	2	409	21	26	0.8148	0.5326	1838	8
350	383	1	179	3	318	19	29	0.242	0.3316	3861	4
351	352	4	137	1	498	15	31	0.2944	0.9024	3839	7
352	402	3	179	1	213	15	32	0.7338	0.3881	2569	7
353	367	3	124	1	505	19	26	0.7611	0.255	851	6
354	322	1	120	1	195	15	26	0.8512	0.5884	4763	8
355	157	1	166	2	324	22	27	0.2332	0.764	2562	2
356	360	1	91	3	516	17	27	0.2401	0.8578	2682	4
357	429	3	137	1	443	21	26	0.3157	0.3804	2357	8
358	342	4	112	2	407	18	31	0.0211	0.6287	4320	8
359	196	4	114	2	504	21	24	0.2908	0.2814	2487	8
360	175	3	200	3	271	17	32	0.227	0.3447	2721	2
361	243	1	107	1	195	23	27	0.7611	0.9886	3836	4
362	496	2	59	2	359	23	27	0.3786	0.2995	2698	7
363	264	3	82	3	325	18	32	0.2386	0.1733	2001	8
364	302	2	148	2	429	15	26	0.5594	0.5861	2569	7
365	305	1	89	2	281	21	29	0.6516	0.3492	1691	7
366	166	1	180	1	385	18	31	0.072	0.0396	3111	6
367	459	4	90	2	343	22	29	0.2991	0.5028	1622	2
368	487	4	124	1	193	15	27	0.857	0.7729	4540	5
369	445	1	121	1	490	18	30	0.6688	0.0244	1498	7
370	197	2	55	2	468	20	32	0.8552	0.1749	3173	5
371	282	2	151	2	420	21	28	0.5857	0.9683	3089	1
372	291	2	119	1	347	23	25	0.1776	0.9115	1706	7
373	427	4	92	3	281	21	31	0.1549	0.7784	4820	7
374	243	2	138	3	418	15	31	0.972	0.2876	2707	8
375	272	2	117	1	204	17	25	0.9574	0.8453	2448	1
376	254	1	118	2	492	20	32	0.8679	0.1726	3960	7
377	396	1	105	1	507	15	32	0.6001	0.0159	3780	5
378	378	3	123	1	477	15	32	0.5132	0.1643	1977	1
379	193	4	57	3	520	16	24	0.3119	0.2461	3551	2
380	496	1	97	3	432	19	27	0.5092	0.719	544	8
381	391	2	185	3	328	19	32	0.7492	0.7247	993	5
382	337	3	163	2	391	18	29	0.932	0.0427	4930	3
383	307	3	186	2	318	19	29	0.7964	0.5037	2812	7
384	480	2	96	1	450	17	26	0.741	0.8043	2569	2
385	387	1	144	1	387	15	28	0.627	0.9476	939	3
386	167	1	164	2	225	17	31	0.4386	0.15	2456	2
387	277	4	91	3	396	21	31	0.7654	0.6263	4368	1
388	265	4	107	2	467	23	24	0.4907	0.3139	3657	3
389	271	4	131	2	517	23	26	0.1368	0.4954	1599	8
390	448	3	175	2	299	17	28	0.8728	0.1711	2637	8
391	387	3	167	1	373	17	31	0.2699	0.5977	792	6
392	271	3	183	2	335	16	28	0.3538	0.8178	790	8
393	359	1	75	3	480	16	30	0.7701	0.6748	3716	2
394	473	1	86	1	476	22	29	0.4812	0.1677	1657	2
395	199	1	157	3	216	17	31	0.752	0.1598	563	7
396	350	2	113	2	396	18	27	0.5976	0.9354	3916	7
397	322	2	137	2	201	18	24	0.4008	0.6433	2302	6
398	152	3	68	3	494	19	26	0.947	0.3193	3437	2
399	471	4	69	3	451	19	27	0.3257	0.8282	4409	6
400	194	1	93	3	368	23	30	0.2652	0.7737	2748	5
401	454	4	85	2	391	17	31	0.7209	0.7002	4924	6
402	209	2	175	2	433	22	28	0.2779	0.6833	1483	6
403	289	4	95	2	438	21	25	0.1759	0.9629	4415	4
404	438	2	151	2	351	21	28	0.0176	0.731	4097	2
405	385	2	131	1	243	18	27	0.1498	0.8026	4331	4
406	415	2	84	1	342	22	32	0.6196	0.8821	720	2
407	263	4	197	3	483	23	29	0.9491	0.0508	1339	5
408	293	4	129	3	235	15	24	0.3876	0.4095	4800	2
409	238	3	92	2	446	15	29	0.9086	0.3519	2329	3
410	493	2	132	2	482	22	32	0.106	0.6624	3785	5
411	295	1	143	2	322	23	31	0.1482	0.5278	2616	6
412	287	3	86	3	182	17	29	0.5597	0.6796	2070	3
413	463	1	125	3	180	19	24	0.6644	0.2915	2397	2
414	438	2	150	1	346	19	29	0.8878	0.0963	2914	8
415	152	4	123	1	237	21	27	0.3031	0.3129	4760	3
416	328	3	190	1	237	22	29	0.3209	0.2877	4588	5
417	415	3	170	1	191	15	28	0.6068	0.3396	964	1
418	418	4	157	2	479	20	32	0.6602	0.4408	4162	6
419	218	1	172	1	356	23	32	0.0855	0.6768	4343	6
420	387	1	144	1	382	15	26	0.5262	0.1334	2306	2
421	428	2	132	2	390	18	29	0.9328	0.9521	614	7
422	371	3	70	2	357	15	25	0.009	0.1504	3384	3
423	326	4	65	3	400	22	25	0.6306	0.7371	2997	1
424	173	2	62	1	330	17	32	0.1032	0.9908	1336	4
425	457	3	141	3	362	23	28	0.8694	0.259	3567	5
426	228	2	78	2	289	20	24	0.3254	0.5237	2449	3
427	170	4	90	3	455	16	30	0.8235	0.1658	2555	6
428	310	3	73	3	208	22	31	0.1964	0.9014	1386	3
429	160	3	175	1	241	21	27	0.1124	0.1963	2046	7
430	180	1	84	2	317	20	32	0.3378	0.6912	726	8
431	400	3	62	2	257	22	28	0.4222	0.0597	4134	5
432	168	3	132	2	523	22	31	0.8471	0.2074	4374	5
433	279	3	88	1	454	15	26	0.3729	0.813	4673	4
434	463	3	117	1	492	19	26	0.7287	0.7664	538	7
435	414	4	90	2	452	15	24	0.8876	0.5325	3367	8
436	490	1	115	3	256	22	24	0.8633	0.3474	4456	3
437	351	3	56	3	494	20	26	0.5751	0.9017	568	1
438	448	1	185	2	292	21	30	0.6119	0.6689	4314	6
439	340	1	136	2	255	21	27	0.3478	0.9423	2528	6
440	223	3	182	1	241	23	24	0.9571	0.524	2120	3
441	168	2	160	2	432	16	31	0.3348	0.8768	2270	1
442	278	1	75	3	396	18	31	0.2529	0.4656	4546	1
443	308	4	55	2	278	16	29	0.3725	0.6203	4861	8
444	204	3	156	2	308	15	24	0.535	0.3409	4061	3
445	344	2	64	1	435	21	27	0.7123	0.8051	1483	7
446	384	3	159	1	182	23	24	0.5915	0.0336	1540	4
447	285	4	196	1	354	22	28	0.4447	0.4401	4980	1
448	462	1	77	3	371	18	25	0.3348	0.1958	4018	5
449	462	3	110	3	363	18	30	0.5645	0.3521	1692	5
450	291	2	88	1	227	15	28	0.7194	0.1378	2917	5
451	225	1	89	1	217	21	26	0.4654	0.2158	2554	5
452	416	4	57	2	362	16	31	0.5273	0.7629	4161	2
453	437	2	184	3	464	21	28	0.6351	0.3255	3429	5
454	362	4	166	2	410	16	32	0.8552	0.6818	2746	1
455	324	3	186	1	438	21	25	0.9508	0.1946	2039	3
456	191	3	147	1	199	17	32	0.2993	0.1194	3105	2
457	194	4	115	2	268	23	25	0.4987	0.951	4782	5
458	419	4	163	1	364	16	29	0.2197	0.8217	4792	5
459	237	2	128	1	230	18	24	0.9684	0.5207	2707	7
460	422	4	51	3	362	20	25	0.2549	0.1505	3893	2
461	359	1	75	2	250	15	32	0.6155	0.3449	3500	5
462	331	2	59	2	373	15	26	0.8583	0.4406	3293	6
463	308	2	133	1	225	18	28	0.6203	0.4277	1957	4
464	306	2	143	3	469	21	24	0.0421	0.4165	982	4
465	301	1	90	2	354	15	30	0.0551	0.5797	4877	6
466	400	2	79	3	511	17	27	0.9628	0.1891	2485	8
467	418	4	200	2	470	17	29	0.1504	0.6249	2033	3
468	277	3	52	1	190	18	30	0.6836	0.2866	3777	6
469	312	3	71	3	206	15	25	0.6292	0.4256	2726	5
470	324	4	197	2	441	22	30	0.1079	0.2282	939	3
471	332	3	57	2	447	23	28	0.791	0.3468	751	3
472	350	1	108	1	347	18	31	0.9842	0.022	1083	1
473	172	1	152	2	463	16	26	0.2278	0.7256	587	7
474	487	3	63	3	392	20	25	0.802	0.3692	1750	6
475	171	2	119	1	332	17	24	0.8925	0.8226	1877	2
476	174	1	55	3	443	20	24	0.4515	0.6133	2334	3
477	492	1	178	2	524	21	25	0.0431	0.4859	598	3
478	194	3	180	2	261	21	31	0.0476	0.0327	835	8
479	437	3	56	3	412	20	25	0.1328	0.4631	4330	8
480	223	4	146	1	187	16	27	0.55	0.7937	2864	7
481	198	1	103	2	378	15	28	0.6208	0.8659	2003	8
482	208	1	94	2	267	19	29	0.5674	0.8288	2918	1
483	193	4	117	2	255	22	26	0.3426	0.742	3359	7
484	214	1	160	2	382	23	29	0.4831	0.1657	3502	3
485	184	3	73	1	232	19	28	0.6434	0.8548	4483	3
486	240	2	94	3	238	19	28	0.4604	0.6151	4675	6
487	439	2	177	3	308	19	25	0.4173	0.7061	4181	3
488	222	1	99	3	218	23	30	0.8604	0.8546	4211	5
489	445	1	189	1	503	19	30	0.0605	0.3316	4105	4
490	415	2	153	2	318	23	24	0.7855	0.2317	3863	7
491	361	3	110	3	310	20	29	0.5162	0.7411	2999	5
492	232	1	122	2	191	21	28	0.06	0.9111	2895	4
493	426	3	192	3	417	15	26	0.2313	0.5775	4816	3
494	339	3	122	3	468	15	32	0.4386	0.2241	918	1
495	243	4	57	1	381	21	25	0.7353	0.7083	4986	5
496	442	4	130	2	196	21	29	0.3896	0.5304	3607	6
497	302	3	86	3	267	18	25	0.5011	0.3714	2503	3
498	329	3	53	3	427	18	24	0.9186	0.5204	4573	3
499	344	1	196	3	455	17	25	0.0623	0.4921	1927	8
500	401	4	145	1	286	18	28	0.9609	0.7132	1254	1
