1	193	1	159	2	374	19	29	0.1857	0.5914	3590	4
2	449	1	135	3	516	22	24	0.7818	0.2976	4939	7
3	248	2	142	1	279	22	30	0.8192	0.8370	1173	2
4	323	3	76	3	439	17	32	0.5860	0.2904	2579	1
5	259	3	149	2	251	23	29	0.6002	0.2830	3791	1
6	340	1	72	3	258	17	28	0.3890	0.1070	4787	5
7	300	2	172	1	234	21	26	0.1334	0.1407	1304	8
8	233	4	128	3	209	20	28	0.4226	0.6918	4771	7
9	254	2	130	2	219	21	31	0.1697	0.7067	1324	4
10	200	1	72	1	486	20	27	0.5931	0.6584	4105	7
11	469	1	103	3	224	20	30	0.8618	0.4824	3964	2
12	232	2	71	1	456	21	28	0.4219	0.3587	4144	1
13	265	2	57	1	205	20	26	0.3982	0.2839	3538	8
14	440	2	129	1	429	16	24	0.4236	0.5587	2026	8
15	184	4	136	3	198	16	28	0.2590	0.7839	2179	3
16	348	1	90	2	256	20	31	0.3002	0.5773	1616	7
17	228	1	183	3	419	18	32	0.3300	0.1854	2209	6
18	431	1	61	3	426	18	31	0.9857	0.8229	4310	3
19	272	4	143	1	520	18	24	0.8878	0.0535	2988	6
20	307	3	172	1	323	20	25	0.1415	0.1465	1478	4
21	358	2	73	3	316	22	31	0.5815	0.5595	4640	8
22	150	3	74	3	211	22	26	0.4043	0.4017	733	2
23	325	3	196	2	291	20	26	0.9806	0.4625	4283	5
24	293	3	125	3	414	16	29	0.2617	0.2866	2721	3
25	307	3	187	1	477	21	29	0.2695	0.1890	604	4
26	202	4	165	3	502	17	32	0.8381	0.6282	725	6
27	151	4	124	1	348	16	25	0.7848	0.1842	2949	2
28	422	1	109	3	362	17	28	0.9627	0.8745	3261	6
29	200	2	135	2	439	15	29	0.5771	0.5383	1882	5
30	475	2	166	2	396	15	27	0.4836	0.5488	3706	4
31	391	4	156	3	251	16	26	0.8981	0.0528	1586	3
32	251	3	57	1	277	22	32	0.7330	0.3055	4013	2
33	432	4	88	3	518	20	27	0.8356	0.5753	1583	3
34	253	2	152	1	402	15	29	0.6427	0.2143	2540	1
35	411	1	82	1	306	18	30	0.9389	0.2670	4984	4
36	455	2	79	2	207	21	25	0.7789	0.9670	2927	7
37	490	2	123	3	196	21	26	0.0075	0.6024	2196	5
38	349	1	86	1	519	23	29	0.1592	0.9183	1221	8
39	407	4	107	2	185	22	26	0.7518	0.3441	3850	4
40	165	4	134	3	397	18	30	0.9948	0.9902	4366	8
41	172	4	155	1	341	23	27	0.4070	0.1937	1089	2
42	247	2	190	3	461	21	32	0.7596	0.0409	3303	5
43	197	1	131	3	194	16	27	0.3593	0.3241	2392	7
44	174	4	105	1	399	16	26	0.7000	0.3926	4090	3
45	191	2	94	2	329	23	28	0.0861	0.5791	3964	4
46	306	1	143	1	468	21	29	0.4863	0.3160	2462	4
47	292	4	188	1	379	19	28	0.8774	0.0716	524	3
48	262	2	93	1	204	21	32	0.6273	0.7323	4298	2
49	441	1	173	2	498	15	24	0.6488	0.7679	4060	3
50	308	1	123	1	451	18	29	0.3517	0.0118	4024	8
51	288	1	186	2	383	23	27	0.9355	0.8745	4047	4
52	387	4	77	2	243	16	31	0.0668	0.5385	4859	4
53	455	3	161	3	346	22	30	0.3491	0.7455	3915	6
54	326	2	120	2	336	22	31	0.1564	0.9418	797	5
55	299	4	54	3	437	22	31	0.0402	0.9753	4504	8
56	340	3	151	3	328	18	27	0.8576	0.3246	546	7
57	481	2	111	3	337	22	26	0.3646	0.4467	1714	7
58	332	2	138	3	503	23	29	0.1848	0.9401	1233	3
59	420	2	195	2	486	15	29	0.5201	0.1439	864	8
60	245	1	91	2	197	17	30	0.7694	0.6134	2907	1
61	330	3	89	3	264	15	29	0.1157	0.5293	2094	4
62	276	3	120	2	449	18	24	0.6242	0.3691	1548	5
63	332	3	141	2	299	18	28	0.3020	0.7220	3006	5
64	445	2	144	1	185	15	26	0.2855	0.9274	2053	3
65	416	4	51	1	485	20	31	0.5008	0.9899	2567	5
66	477	2	108	2	309	16	28	0.9846	0.3075	1047	4
67	417	1	115	2	499	23	27	0.2472	0.1406	4791	2
68	457	3	126	2	372	21	30	0.6861	0.9068	701	2
69	218	1	181	2	314	20	30	0.5410	0.9985	4697	3
70	431	1	137	1	362	19	27	0.8466	0.2372	1522	5
71	278	4	143	3	195	22	32	0.8612	0.6023	2630	3
72	278	1	139	1	523	15	30	0.9230	0.6260	1611	7
73	379	4	193	1	304	19	25	0.1376	0.0012	3412	6
74	344	3	124	2	311	23	28	0.3086	0.5187	1298	7
75	428	1	82	3	392	23	26	0.9961	0.1617	4739	7
76	194	1	78	2	453	22	27	0.0156	0.1903	850	2
77	387	4	184	3	487	19	26	0.6368	0.3361	682	1
78	391	3	187	3	315	15	28	0.3249	0.3098	4047	1
79	425	1	95	3	326	22	28	0.8692	0.3406	2199	7
80	301	3	79	2	227	20	29	0.0926	0.7346	1443	1
81	267	4	172	1	505	22	26	0.6291	0.0721	3424	7
82	244	2	70	3	311	15	26	0.3611	0.7106	2860	8
83	211	3	186	3	279	19	24	0.4168	0.0713	2798	2
84	478	4	82	1	492	23	25	0.0646	0.5905	2895	6
85	197	1	189	2	248	20	27	0.0130	0.3434	2754	3
86	354	4	192	1	471	18	27	0.1044	0.3640	4110	5
87	460	1	155	2	521	15	28	0.6086	0.9687	675	2
88	411	4	166	1	513	16	29	0.3093	0.7575	4291	5
89	492	1	168	3	482	17	31	0.2487	0.3017	4186	5
90	472	4	111	2	328	21	32	0.3558	0.5404	4098	3
91	275	3	161	2	267	22	29	0.5463	0.9235	1064	8
92	181	2	197	2	184	21	25	0.7564	0.2363	849	4
93	420	2	172	1	197	16	28	0.0847	0.8322	4149	4
94	226	2	196	3	484	19	31	0.9632	0.3530	1050	2
95	157	3	66	3	196	22	31	0.7971	0.4408	4921	5
96	445	1	154	1	316	16	24	0.3894	0.7225	1887	3
97	437	3	170	3	271	20	27	0.1901	0.2919	1310	5
98	250	1	96	2	300	19	24	0.4691	0.6049	3118	6
99	442	4	171	3	418	18	29	0.7878	0.4579	4720	4
100	460	1	150	2	366	17	25	0.1764	0.5165	2566	7
101	157	1	174	3	508	19	29	0.5905	0.8619	1799	7
102	400	4	152	2	319	17	30	0.9679	0.3659	2221	8
103	422	3	77	2	419	15	24	0.3082	0.3780	506	1
104	323	4	181	2	292	19	24	0.2497	0.3339	4047	1
105	340	1	99	3	344	21	26	0.7421	0.1090	3162	6
106	466	2	82	1	349	21	26	0.0943	0.6438	3897	4
107	346	3	186	3	478	15	28	0.2635	0.6547	4975	4
108	192	2	176	2	442	23	29	0.5554	0.6846	3423	5
109	329	3	70	3	268	22	25	0.0145	0.3203	2439	7
110	336	1	148	2	420	19	28	0.4915	0.0463	3528	4
111	381	4	52	2	352	17	31	0.8090	0.3872	4497	6
112	450	1	128	2	220	16	26	0.1700	0.2001	3784	5
113	319	4	92	3	407	16	32	0.2127	0.1363	1667	6
114	280	4	132	2	480	15	25	0.9272	0.6200	1802	1
115	323	4	144	3	193	17	26	0.7615	0.8036	2967	5
116	150	4	117	1	182	16	32	0.4381	0.8742	2992	7
117	266	4	52	1	221	16	27	0.7522	0.1141	4751	2
118	450	1	119	1	241	19	26	0.3030	0.8364	2970	4
119	450	2	88	3	524	22	27	0.2039	0.5921	3299	2
120	429	3	117	2	234	16	30	0.9533	0.1549	2154	3
121	281	4	56	1	238	19	24	0.5036	0.5431	4383	5
122	240	1	169	2	240	15	30	0.6498	0.9237	4506	8
123	210	4	196	3	296	18	29	0.0168	0.1701	1282	3
124	318	2	161	1	525	20	24	0.4791	0.4378	4091	5
125	490	4	196	3	517	20	25	0.4504	0.6587	1163	2
126	155	2	175	1	352	18	27	0.8585	0.2992	1963	4
127	287	2	138	2	198	23	24	0.9370	0.0805	1983	3
128	174	1	154	2	281	18	26	0.7609	0.0193	4511	7
129	194	4	132	1	507	16	25	0.8824	0.9530	1029	5
130	252	4	186	2	273	16	25	0.7631	0.1518	2255	3
131	222	4	168	2	279	19	28	0.6463	0.9512	4656	7
132	383	1	132	1	413	23	28	0.7171	0.6683	708	7
133	207	1	106	2	306	23	25	0.5439	0.1668	2284	3
134	349	3	112	1	200	21	30	0.2859	0.6442	4291	2
135	202	3	192	2	418	23	26	0.1146	0.4404	804	3
136	265	1	100	2	415	16	26	0.8874	0.2660	2016	8
137	430	4	90	3	424	15	24	0.9821	0.0519	712	7
138	303	2	197	1	263	21	24	0.2287	0.4204	3412	4
139	324	1	198	3	476	18	32	0.7415	0.0730	4329	7
140	178	1	199	2	303	21	32	0.8249	0.9513	3297	3
141	334	2	119	1	431	18	30	0.9046	0.4003	3629	3
142	433	2	127	3	424	22	30	0.2899	0.5657	3899	8
143	473	4	77	3	226	17	30	0.2201	0.6385	4678	8
144	394	2	197	2	326	23	26	0.2489	0.2532	4732	5
145	481	2	60	2	361	20	27	0.7801	0.4973	3906	4
146	224	2	176	3	201	18	30	0.0131	0.9674	2613	1
147	161	3	65	2	430	23	25	0.5312	0.2207	1504	6
148	195	4	165	1	261	19	30	0.4325	0.6617	2126	3
149	431	3	55	2	495	19	29	0.0787	0.8580	4899	8
150	325	1	200	1	322	23	25	0.8414	0.0328	3287	7
151	227	4	197	2	391	18	26	0.5251	0.6027	4623	4
152	218	1	71	3	237	17	32	0.3618	0.0958	3563	6
153	354	2	147	1	410	22	28	0.7196	0.8450	3565	7
154	277	3	108	2	190	20	31	0.8339	0.3117	1749	8
155	340	2	61	1	399	15	24	0.1995	0.5709	636	2
156	194	3	137	3	419	20	29	0.5700	0.4082	1395	7
157	258	3	197	3	395	20	28	0.1454	0.9193	2882	2
158	384	3	191	2	403	22	27	0.8334	0.1754	3549	6
159	250	2	106	1	422	23	26	0.7492	0.8520	3300	3
160	251	1	122	1	211	20	30	0.9764	0.0658	4533	8
161	317	1	105	3	465	16	31	0.7092	0.0403	2205	7
162	270	3	90	3	375	23	24	0.3574	0.7329	1713	4
163	279	3	139	1	218	17	24	0.7219	0.5046	846	2
164	416	4	146	2	310	18	25	0.9823	0.9586	3600	5
165	432	4	168	2	420	20	24	0.2814	0.9697	4863	3
166	466	3	199	1	239	17	32	0.0117	0.3055	3650	2
167	244	1	97	1	336	23	26	0.5213	0.8581	3021	8
168	170	4	165	3	463	15	27	0.0821	0.5279	2134	6
169	440	4	82	1	303	16	24	0.6329	0.6760	1964	4
170	281	4	184	1	307	20	31	0.6826	0.1795	3340	6
171	405	1	60	3	520	16	28	0.2613	0.4056	1354	5
172	412	1	114	2	393	16	26	0.7010	0.0687	3265	6
173	416	3	63	2	224	16	24	0.4007	0.6127	3722	5
174	276	3	134	1	501	18	28	0.0046	0.7496	1273	1
175	343	3	163	1	257	22	28	0.9963	0.6381	4352	2
176	300	4	144	2	432	17	32	0.0546	0.8451	1565	6
177	157	2	129	3	363	21	28	0.1795	0.9213	2214	7
178	443	3	60	2	415	15	24	0.1265	0.6202	4631	3
179	235	2	182	1	437	16	27	0.5406	0.6182	766	2
180	347	3	135	2	401	23	24	0.9780	0.0532	4120	7
181	193	2	131	1	283	22	27	0.9417	0.6429	3532	7
182	314	3	73	1	259	15	29	0.7146	0.8633	4905	4
183	461	3	187	1	445	16	26	0.5214	0.5749	2458	1
184	216	3	116	2	489	23	24	0.2594	0.8103	4166	8
185	239	2	161	1	401	17	27	0.4587	0.6298	3788	6
186	430	2	52	1	460	18	31	0.0029	0.1872	4065	2
187	337	3	69	1	441	17	30	0.9507	0.0454	2098	8
188	197	3	168	3	383	21	32	0.8738	0.0404	1245	5
189	335	3	159	1	492	19	24	0.4628	0.9533	3834	5
190	412	1	135	1	356	19	25	0.9531	0.1318	1469	2
191	368	2	156	3	371	20	24	0.1918	0.3139	2096	4
192	151	2	73	3	234	18	30	0.0828	0.6372	4524	6
193	358	2	149	2	428	18	28	0.5061	0.2988	4423	3
194	280	2	198	3	411	17	24	0.9622	0.5675	3616	2
195	218	1	193	1	452	17	28	0.3409	0.9055	4190	1
196	200	3	155	1	250	20	26	0.9999	0.9664	2232	1
197	177	2	143	1	216	22	32	0.5645	0.8370	2294	3
198	162	1	197	1	185	21	32	0.8862	0.0042	624	5
199	394	1	170	1	324	21	25	0.1093	0.4257	1165	5
200	351	3	141	3	205	17	24	0.3973	0.8980	3655	3
201	162	1	57	3	248	17	30	0.1583	0.8532	4658	6
202	195	2	70	2	495	22	30	0.1225	0.1100	991	8
203	184	2	142	2	420	15	31	0.7607	0.0645	1860	3
204	205	1	51	3	447	16	25	0.7738	0.8745	3709	2
205	288	4	90	2	191	17	28	0.2139	0.0455	1775	2
206	453	3	161	1	212	20	29	0.3983	0.9365	2305	8
207	451	3	184	1	401	20	24	0.4683	0.4379	1120	7
208	451	2	158	1	376	21	28	0.1069	0.4620	2028	8
209	378	4	73	2	460	17	29	0.1159	0.4369	4823	3
210	192	4	131	3	393	22	24	0.8820	0.7035	1145	1
211	306	1	92	2	431	19	32	0.7711	0.0775	2870	5
212	463	1	74	3	521	16	28	0.3279	0.7497	4013	7
213	481	3	130	3	409	17	31	0.5172	0.5957	3073	7
214	297	1	148	1	413	16	27	0.7204	0.1043	2661	8
215	192	3	146	3	490	20	26	0.4388	0.4037	3004	6
216	230	3	106	3	241	20	30	0.4218	0.8534	4832	6
217	435	2	122	2	299	19	31	0.7115	0.6408	2444	3
218	389	3	181	1	342	21	28	0.2702	0.0053	2777	1
219	348	2	52	3	427	21	28	0.5559	0.0178	4476	5
220	204	2	94	3	229	22	31	0.0758	0.3832	992	4
221	154	2	74	2	254	15	27	0.8537	0.2386	546	8
222	285	3	187	1	444	18	26	0.0406	0.1742	1318	6
223	353	4	190	2	291	20	28	0.3127	0.6276	1031	4
224	256	3	185	1	304	23	30	0.1532	0.7596	3143	2
225	287	3	193	3	253	15	32	0.4456	0.0669	1312	5
226	341	2	120	3	291	18	25	0.7236	0.6743	4330	7
227	450	3	94	3	451	18	32	0.8542	0.2161	4444	5
228	378	4	102	2	466	21	32	0.3833	0.6996	2215	1
229	340	3	187	2	301	23	25	0.9469	0.5167	4993	8
230	324	2	143	3	455	22	30	0.8001	0.1841	3492	2
231	392	1	189	1	322	15	31	0.9666	0.7563	1203	5
232	182	1	135	1	473	17	30	0.0884	0.0228	3106	8
233	213	1	71	3	245	16	31	0.9521	0.5444	4656	3
234	316	2	134	1	247	22	29	0.2877	0.2034	4851	3
235	303	2	158	3	523	16	27	0.7272	0.2390	2049	5
236	457	1	63	1	314	18	32	0.4285	0.4351	3545	8
237	334	4	159	1	318	15	27	0.5390	0.7382	3022	3
238	432	2	145	2	322	16	31	0.7179	0.0865	4402	2
239	221	4	149	1	253	20	25	0.7405	0.4285	3448	5
240	379	3	135	1	431	19	28	0.7689	0.7239	2161	3
241	267	3	69	3	379	16	29	0.5724	0.3413	4576	2
242	335	1	73	1	271	22	25	0.3432	0.2218	3605	7
243	392	4	161	1	245	21	28	0.7108	0.8184	4552	4
244	489	4	194	3	253	23	28	0.7256	0.8434	4368	4
245	190	2	81	1	280	22	24	0.7487	0.1678	4616	3
246	436	4	57	3	198	15	31	0.8076	0.3174	2536	2
247	157	4	189	2	321	17	25	0.3902	0.8792	4902	3
248	432	4	109	1	324	20	31	0.0572	0.6858	4061	6
249	321	4	89	1	347	19	25	0.0562	0.7029	4897	3
250	339	3	178	3	433	18	25	0.8712	0.4229	1772	1
251	366	2	109	1	404	16	32	0.0755	0.7383	3447	4
252	323	4	68	3	288	22	30	0.8347	0.1635	3225	5
253	209	3	140	2	367	16	28	0.8528	0.3675	3325	2
254	337	4	161	1	438	20	24	0.8184	0.8142	1165	4
255	185	2	90	2	192	18	28	0.6053	0.0872	4816	7
256	492	1	107	3	518	16	29	0.2451	0.7060	3891	6
257	279	2	123	3	480	19	26	0.4346	0.4231	2591	2
258	355	3	74	1	213	22	25	0.3412	0.5501	2674	6
259	427	4	73	2	289	17	30	0.1237	0.7184	798	4
260	486	2	73	3	191	21	25	0.1702	0.4823	1106	4
261	153	3	173	2	374	17	31	0.3339	0.5773	2156	4
262	387	4	109	1	361	18	26	0.7926	0.5825	1442	3
263	412	3	156	2	502	19	29	0.1608	0.1776	1960	5
264	410	1	144	3	230	17	31	0.9380	0.9139	2601	5
265	288	3	157	3	283	22	32	0.0528	0.7304	2705	4
266	390	3	177	3	311	20	32	0.7171	0.0744	4689	8
267	427	3	131	1	521	15	24	0.6272	0.8385	2990	5
268	385	2	166	2	232	19	28	0.4477	0.6488	1785	6
269	304	3	115	1	191	23	25	0.1553	0.9064	1930	4
270	424	1	68	3	520	16	28	0.9062	0.8731	3091	6
271	249	1	82	2	519	15	28	0.1476	0.4414	3251	4
272	256	1	109	2	494	15	24	0.3903	0.0232	1248	6
273	440	1	92	3	436	23	25	0.3530	0.4932	4887	5
274	492	1	56	2	434	16	29	0.5671	0.2267	4468	7
275	458	2	77	3	263	18	24	0.4424	0.6914	3266	5
276	311	2	113	2	428	23	25	0.0236	0.5513	4763	2
277	386	1	126	1	200	19	31	0.2953	0.8119	3873	6
278	450	2	50	3	399	19	32	0.1103	0.6007	1678	3
279	377	4	162	2	334	16	24	0.9739	0.5573	4927	4
280	238	2	179	3	417	19	32	0.9875	0.7448	1872	7
281	286	2	56	2	510	18	29	0.8721	0.2448	1577	8
282	427	1	59	2	296	18	24	0.5623	0.5097	3449	2
283	304	1	138	1	485	16	24	0.1929	0.4372	1759	4
284	321	3	70	3	406	22	27	0.7231	0.1846	2895	8
285	214	4	151	2	457	22	32	0.1096	0.3296	3191	6
286	311	3	87	3	231	18	25	0.2229	0.6792	2963	2
287	271	2	50	1	314	23	26	0.1315	0.4265	1319	4
288	347	2	185	1	476	17	28	0.2891	0.7418	1699	6
289	228	3	82	1	323	23	32	0.0606	0.6872	1957	1
290	251	4	64	1	223	20	30	0.9241	0.0512	3980	1
291	435	4	87	1	272	22	28	0.4137	0.2017	1525	1
292	214	2	60	1	399	23	30	0.4765	0.9758	3136	2
293	342	1	83	2	195	17	31	0.2081	0.1912	4599	1
294	289	1	167	3	314	15	25	0.2787	0.2186	3670	4
295	404	3	141	3	286	22	26	0.0951	0.4824	3386	3
296	400	4	136	2	232	21	31	0.5950	0.7609	3595	7
297	185	1	109	2	393	20	24	0.8178	0.8221	2065	1
298	500	2	105	1	334	16	24	0.0140	0.1385	1302	5
299	456	2	188	3	426	20	27	0.1292	0.7925	3296	4
300	213	4	130	3	457	21	31	0.4908	0.8174	3931	6
301	444	1	175	1	510	18	32	0.8601	0.9472	1135	4
302	210	2	134	2	398	18	32	0.8343	0.8231	2168	4
303	295	1	112	3	195	22	30	0.8039	0.6011	1745	6
304	427	3	125	2	263	21	26	0.8263	0.3755	2556	8
305	373	4	153	3	522	16	31	0.5544	0.5299	4949	8
306	220	3	84	3	341	20	28	0.7030	0.1212	2886	7
307	262	1	128	2	259	21	25	0.7304	0.7147	729	3
308	355	4	153	2	188	20	25	0.1625	0.8787	2813	1
309	308	3	52	1	211	22	32	0.7364	0.9647	4170	1
310	188	2	197	1	456	19	29	0.3971	0.3617	686	7
311	237	1	141	3	230	21	29	0.2847	0.5078	2524	8
312	420	3	183	1	496	19	24	0.0873	0.9917	2739	6
313	331	3	97	2	448	18	30	0.1199	0.9254	1346	6
314	466	3	95	3	201	20	30	0.2253	0.9134	2818	1
315	409	2	65	3	355	17	30	0.8539	0.8585	4420	7
316	347	2	62	3	252	22	30	0.7109	0.4672	1464	8
317	264	2	98	3	314	17	29	0.2348	0.4625	558	1
318	338	3	182	2	411	22	25	0.9794	0.3264	4296	7
319	319	3	64	1	256	23	30	0.8319	0.8717	4078	7
320	166	2	134	2	521	18	30	0.9738	0.8464	1055	2
321	349	1	91	2	512	21	31	0.8810	0.3120	3668	1
322	424	2	120	2	498	15	30	0.0838	0.3123	2464	4
323	474	2	170	3	181	20	31	0.7107	0.9530	1058	8
324	374	1	99	1	311	17	32	0.6534	0.9574	1164	6
325	429	1	178	2	479	18	27	0.9992	0.5207	1406	6
326	196	4	139	3	263	23	28	0.5247	0.3644	2188	5
327	172	1	142	3	468	23	29	0.3747	0.7245	1128	4
328	453	3	152	3	317	21	25	0.3212	0.0258	1313	3
329	312	4	162	3	186	18	27	0.8048	0.3448	1235	3
330	339	3	192	1	199	22	29	0.9040	0.0024	1169	2
331	273	4	188	2	289	21	29	0.4847	0.8478	4881	7
332	154	3	71	1	239	21	31	0.5615	0.0727	1846	5
333	374	2	147	3	404	15	26	0.5537	0.7647	2561	1
334	293	2	185	1	258	19	25	0.2894	0.9799	2446	5
335	498	4	185	1	480	21	25	0.7066	0.2828	4142	4
336	404	4	84	1	251	23	25	0.3326	0.6383	3267	3
337	244	3	184	2	202	17	24	0.1039	0.8566	4292	3
338	463	3	197	3	225	20	26	0.7477	0.2002	4806	1
339	171	3	115	2	248	19	26	0.9030	0.7774	4191	3
340	393	1	50	2	261	23	26	0.9712	0.4164	764	3
341	256	1	175	1	314	23	26	0.2492	0.5552	2563	7
342	248	4	191	3	431	17	29	0.5389	0.0777	4443	4
343	432	1	168	3	311	21	31	0.4403	0.2256	2700	6
344	164	4	147	1	244	17	26	0.2532	0.8395	1499	6
345	475	3	114	1	361	23	28	0.3722	0.3170	985	5
346	223	3	146	1	372	20	28	0.9176	0.3654	4453	3
347	262	1	64	1	362	20	31	0.5787	0.8888	1293	8
348	487	2	57	3	483	21	25	0.4726	0.0238	3858	6
349	264	1	184	1	189	21	25	0.9691	0.5637	530	2
350	316	2	93	1	458	21	25	0.0391	0.5976	1575	7
351	379	1	57	2	210	21	30	0.8008	0.6496	2630	4
352	174	4	80	3	219	20	24	0.7994	0.2211	4062	2
353	396	4	138	1	253	21	31	0.3878	0.2028	1592	6
354	183	1	145	1	234	18	24	0.2253	0.3500	1256	7
355	288	1	159	1	204	15	27	0.1264	0.0901	3496	4
356	392	3	111	3	263	19	25	0.5962	0.2003	2025	5
357	176	1	74	2	522	15	29	0.9000	0.3523	2356	5
358	203	4	104	2	517	21	27	0.9420	0.9277	1214	6
359	471	4	105	2	346	15	28	0.0796	0.7442	4797	1
360	360	4	111	1	410	17	26	0.9001	0.0870	3874	3
361	259	2	138	2	317	18	31	0.7337	0.2342	4955	6
362	229	3	178	2	272	17	29	0.3448	0.0239	1611	6
363	255	1	117	1	402	15	24	0.2233	0.9409	3149	1
364	396	3	196	2	238	18	31	0.4749	0.4057	1110	7
365	437	3	176	2	498	20	28	0.9568	0.5004	2417	3
366	494	2	181	3	290	22	30	0.2832	0.4676	3090	5
367	483	1	187	2	415	19	30	0.2227	0.5777	3582	3
368	362	3	70	3	207	20	26	0.4342	0.2082	2766	3
369	230	1	116	2	454	17	31	0.2675	0.5696	1664	4
370	406	2	64	1	254	15	25	0.3345	0.7106	3832	5
371	257	2	77	3	197	23	30	0.1755	0.1921	1992	2
372	493	1	188	3	525	19	25	0.3465	0.9590	832	5
373	225	1	61	1	271	21	32	0.2185	0.5201	893	3
374	185	3	151	3	493	17	24	0.3621	0.0198	3681	6
375	196	2	177	1	399	22	25	0.2374	0.4815	2986	1
376	234	2	61	2	520	22	31	0.6008	0.4521	2455	3
377	354	3	186	1	515	19	27	0.9174	0.4298	3627	8
378	249	2	98	1	277	20	31	0.6536	0.0608	2357	5
379	466	4	80	2	186	17	30	0.0130	0.8831	2295	3
380	296	2	164	3	328	20	32	0.5234	0.1141	1677	4
381	305	1	80	2	478	15	28	0.4831	0.8571	2405	1
382	444	1	138	2	290	15	26	0.0301	0.5671	736	1
383	201	2	99	1	259	20	26	0.6003	0.9326	2621	3
384	165	4	149	2	402	15	27	0.2811	0.6473	3912	7
385	259	4	124	1	276	19	30	0.5251	0.1833	899	2
386	230	1	132	3	448	15	31	0.0763	0.4139	2144	3
387	312	2	168	1	435	23	28	0.0294	0.0394	3089	3
388	286	4	178	1	191	16	24	0.0990	0.7407	1587	3
389	477	1	116	3	429	17	31	0.0831	0.8466	4005	8
390	345	4	91	3	468	23	27	0.9580	0.8345	2124	8
391	372	1	179	1	435	15	28	0.1758	0.2049	1580	7
392	281	1	168	2	297	22	26	0.0986	0.5044	1922	1
393	491	3	62	3	431	17	27	0.1359	0.6210	2917	1
394	409	2	51	1	200	18	29	0.9954	0.1119	2020	8
395	204	2	142	1	247	20	26	0.8931	0.0915	3079	4
396	495	4	118	3	309	21	30	0.1827	0.6244	1568	5
397	269	3	161	2	504	19	32	0.2459	0.9472	1264	4
398	248	4	64	1	482	19	26	0.7746	0.7286	4966	7
399	254	4	108	3	518	15	24	0.1177	0.0340	2214	5
400	451	4	87	1	303	15	31	0.3129	0.2485	2003	2
401	164	4	63	3	290	17	30	0.1532	0.7744	2838	1
402	155	2	149	3	406	19	25	0.2343	0.7563	1566	4
403	452	1	187	3	254	19	32	0.6843	0.6158	4394	8
404	489	2	50	3	223	22	28	0.0951	0.5177	3419	8
405	320	4	165	1	243	22	24	0.1453	0.9246	2661	1
406	330	1	198	2	382	22	32	0.2331	0.3415	1159	3
407	241	3	120	1	421	18	27	0.5880	0.6358	4564	5
408	343	1	67	1	247	23	31	0.6218	0.3595	1675	2
409	360	3	51	3	522	20	32	0.3142	0.9144	4976	4
410	168	1	158	2	205	21	32	0.7210	0.2126	2322	3
411	150	3	180	1	269	16	29	0.5828	0.5197	742	8
412	414	3	132	1	208	19	32	0.7266	0.7343	1221	6
413	221	4	162	2	247	21	30	0.7849	0.5743	2479	2
414	275	4	198	1	398	16	30	0.0068	0.1876	2355	3
415	305	3	82	1	272	17	32	0.2321	0.9107	1965	1
416	325	4	56	3	246	22	27	0.5441	0.4535	738	3
417	373	1	70	1	472	22	30	0.6260	0.9889	660	3
418	404	1	173	2	397	16	29	0.2764	0.2872	3824	6
419	206	3	157	2	182	19	25	0.7185	0.5694	4780	2
420	176	2	78	2	230	18	29	0.9610	0.3214	1231	2
421	259	3	63	1	305	19	31	0.0003	0.3259	531	2
422	229	4	192	2	228	15	26	0.5388	0.5956	3593	4
423	249	1	61	1	357	17	32	0.5193	0.7392	2912	4
424	261	2	146	3	217	23	27	0.0464	0.0104	2834	1
425	190	2	100	3	502	18	30	0.9514	0.3778	3318	3
426	491	2	109	2	492	18	25	0.0687	0.4014	2161	5
427	362	1	62	3	283	15	27	0.3322	0.2262	2723	4
428	238	4	64	3	258	23	28	0.5578	0.0242	2159	3
429	256	4	196	2	453	21	32	0.7402	0.6222	4593	7
430	478	4	126	2	500	15	27	0.1693	0.0194	3984	2
431	323	3	124	2	337	20	31	0.9844	0.9015	2115	8
432	377	3	83	3	458	20	29	0.8593	0.8318	2468	6
433	154	3	167	3	462	20	29	0.3427	0.7432	2479	7
434	311	4	180	1	319	23	24	0.5250	0.4378	3870	4
435	379	3	142	1	511	16	28	0.2971	0.0070	3116	4
436	355	3	114	2	333	22	30	0.8794	0.5172	4946	6
437	401	4	180	2	304	18	27	0.0002	0.5696	3110	3
438	483	1	164	1	239	23	25	0.6084	0.2620	1171	2
439	262	1	117	3	481	17	24	0.5456	0.0725	2247	8
440	451	3	137	3	380	18	30	0.3609	0.6717	4181	5
441	340	2	109	1	502	15	24	0.4998	0.8850	2586	5
442	422	3	137	1	342	19	26	0.8663	0.6896	4548	7
443	286	2	133	1	518	22	28	0.7968	0.6316	4762	6
444	400	1	116	2	233	16	30	0.5137	0.1047	884	1
445	214	3	184	1	312	15	30	0.3094	0.2141	4162	5
446	219	2	126	1	293	15	25	0.7104	0.0404	4229	4
447	220	2	128	3	337	23	29	0.5378	0.0390	4972	7
448	435	4	100	2	457	20	32	0.9009	0.5796	2482	7
449	476	3	106	1	454	18	29	0.4709	0.0679	741	6
450	416	3	51	2	299	17	32	0.8931	0.7473	4983	3
451	421	4	128	3	415	22	29	0.6825	0.1871	4735	5
452	348	3	88	3	351	16	27	0.7427	0.7914	2755	8
453	488	4	194	1	380	23	26	0.1928	0.4589	4770	1
454	275	3	103	1	505	17	30	0.5918	0.2872	761	3
455	160	4	198	3	346	20	27	0.9918	0.5851	4590	2
456	440	1	130	1	260	18	24	0.7225	0.8810	1329	4
457	324	1	173	1	464	22	26	0.1926	0.4479	2778	1
458	295	3	175	3	375	16	31	0.2028	0.8855	4619	7
459	486	2	98	2	377	21	29	0.0756	0.1086	4839	3
460	394	1	151	2	327	18	32	0.7101	0.2074	3774	2
461	250	2	73	2	471	15	32	0.1665	0.3542	3798	2
462	193	1	186	2	366	15	32	0.1344	0.7574	2629	3
463	424	2	67	1	219	20	25	0.5153	0.4713	3918	1
464	484	3	162	2	292	22	32	0.9750	0.6565	1731	8
465	413	3	67	1	198	23	25	0.7108	0.8213	1809	1
466	478	1	160	3	466	15	26	0.6589	0.3667	3819	6
467	452	1	55	1	251	19	32	0.7534	0.4236	2988	1
468	413	4	76	3	502	15	25	0.2780	0.0911	914	6
469	233	4	166	1	414	16	32	0.5616	0.3473	3134	7
470	464	2	91	3	499	15	28	0.4312	0.0823	2863	3
471	393	3	131	1	327	21	30	0.7538	0.5418	2875	3
472	257	2	117	3	190	22	28	0.1460	0.6750	4514	8
473	431	2	200	2	341	16	28	0.9338	0.7365	4197	6
474	389	1	55	3	423	22	24	0.1694	0.9701	4437	5
475	401	1	105	1	409	22	27	0.0893	0.7915	3051	6
476	288	2	165	1	320	20	27	0.7358	0.5923	2443	1
477	383	4	177	3	442	19	30	0.3707	0.5608	876	7
478	177	1	57	2	444	20	27	0.2468	0.0970	3902	8
479	209	4	164	3	371	15	26	0.0943	0.8495	4560	7
480	308	1	124	2	329	21	29	0.6507	0.1228	777	1
481	210	2	113	1	248	21	30	0.9712	0.3032	962	1
482	177	3	73	1	458	22	31	0.7450	0.6754	4145	6
483	284	4	132	2	353	19	27	0.5145	0.2436	4552	8
484	371	1	66	1	410	22	25	0.0623	0.5448	743	7
485	331	3	139	1	487	21	29	0.6308	0.7695	1281	1
486	191	3	169	1	493	16	25	0.8576	0.0360	2515	2
487	246	2	129	2	308	20	29	0.7738	0.7580	4838	3
488	411	4	168	3	202	21	28	0.4516	0.0696	4231	5
489	217	4	70	2	406	20	31	0.1597	0.6482	4049	3
490	499	1	198	1	253	23	27	0.9095	0.0910	1771	7
491	390	4	191	3	376	19	31	0.0960	0.6647	3440	1
492	477	3	125	2	203	16	32	0.5325	0.3308	3650	2
493	262	2	196	2	525	18	25	0.0884	0.6029	2280	2
494	420	2	57	3	299	17	32	0.0250	0.0262	3609	7
495	475	2	92	1	370	20	24	0.4695	0.1378	658	5
496	280	1	112	3	376	20	26	0.1616	0.2437	1492	1
497	227	3	162	3	359	15	32	0.2387	0.2224	4461	4
498	350	1	171	2	445	16	28	0.6366	0.1326	2102	1
499	197	1	146	2	280	23	26	0.0141	0.7343	2842	8
500	286	3	152	2	433	17	29	0.4122	0.2404	501	2
