Case ID	Pest quantity	Pest stage	Infected area	Growth stage	Planting density	Temperature_min	Temperature_max	Humidity	Rainfall	Sunlight	Wind speed	Solution	1st similar	1st sim value	2nd similar	2nd sim value	3rd similar	3rd sim value	1st dissimilar	1st dissim value	2nd dissimilar	2nd sim value	3rd dissimilar	3rd dissim value
1	265	Pupae	152	Vegetative	417	16	31	54.70%	62.32%	510	2	S1	34	0.0711	122	0.1006	385	0.1026	336	2.1256	157	1.9949	479	1.8858
2	410	Pupae	122	Vegetative	325	19	30	77.88%	85.07%	4564	6	S2	340	0.0667	194	0.0888	396	0.116	379	1.669	407	1.6475	260	1.583
3	253	Egg	117	Vegetative	220	20	28	57.97%	14.66%	503	4	S3	451	0.0546	463	0.0692	209	0.0889	399	1.7949	142	1.7154	212	1.6535
4	277	Larvae	179	Ripening	485	21	28	16.96%	59.34%	4081	2	S4	152	0.0293	213	0.046	181	0.0812	77	1.9422	354	1.8403	218	1.7782
5	167	Larvae	181	Vegetative	494	19	31	49.30%	10.33%	727	2	S5	1	0.1605	304	0.1607	86	0.177	336	2.3478	56	2.2205	373	2.1491
6	423	Larvae	85	Ripening	202	23	31	13.86%	43.20%	4993	5	S6	373	0.084	225	0.1411	431	0.1594	17	2.1893	385	2.0612	475	2.0597
7	236	Pupae	164	Ripening	306	16	24	26.45%	88.36%	2244	6	S7	41	0.1012	397	0.123	223	0.1436	319	1.8572	172	1.7886	176	1.695
8	267	Adult	55	Ripening	337	20	32	72.43%	60.19%	3823	7	S8	336	0.136	491	0.1483	129	0.1664	477	2.2803	237	2.2723	89	2.202
9	374	Adult	96	Vegetative	487	16	27	10.18%	28.71%	2409	2	S9	153	0.1075	254	0.1359	321	0.144	488	2.2741	139	2.038	336	1.9748
10	392	Adult	144	Reproductive	523	19	26	39.50%	50.57%	2306	7	S10	274	0.0843	389	0.0914	287	0.0983	472	1.4414	488	1.4058	218	1.3895
11	330	Pupae	174	Reproductive	411	15	32	28.11%	1.65%	594	6	S11	227	0.1384	214	0.1503	121	0.1524	157	2.0333	457	2.0026	4995	1.8152
12	174	Adult	196	Ripening	308	22	25	62.66%	52.19%	2415	2	S12	230	0.074	191	0.11	49	0.1219	377	2.2435	77	2.2052	251	2.1907
13	169	Egg	52	Vegetative	444	21	24	73.79%	64.66%	2765	8	S13	146	0.0471	445	0.132	235	0.1737	83	2.4028	279	2.3493	157	2.0354
14	301	Pupae	86	Reproductive	431	21	31	25.63%	47.51%	4640	2	S14	410	0.0888	404	0.0899	256	0.1136	326	1.8342	17	1.7576	46	1.678
15	182	Adult	82	Vegetative	467	19	28	23.73%	27.39%	3915	5	S15	286	0.0857	171	0.1273	136	0.1441	279	2.0136	289	1.893	436	1.762
16	231	Larvae	186	Reproductive	323	21	31	34.49%	8.56%	2812	8	S16	478	0.0556	42	0.1022	43	0.1041	142	1.6506	236	1.6353	124	1.6276
17	217	Adult	168	Vegetative	398	16	24	52.52%	55.66%	787	6	S17	107	0.0814	184	0.1258	238	0.1391	56	2.4377	140	2.3422	336	2.1965
18	304	Larvae	104	Reproductive	400	16	24	47.17%	77.68%	3894	7	S18	396	0.066	364	0.074	159	0.0948	143	1.5474	83	1.5086	407	1.4147
19	352	Larvae	96	Reproductive	369	23	30	42.22%	82.41%	3917	6	S19	225	0.0703	115	0.0716	491	0.1063	417	1.2865	472	1.2492	237	1.2296
20	320	Adult	179	Reproductive	263	23	31	69.08%	93.47%	3316	1	S20	163	0.1182	310	0.1455	22	0.1946	106	2.5183	13	2.073	300	2.0709
21	179	Egg	140	Reproductive	268	15	30	17.29%	40.55%	2441	4	S21	121	0.0391	328	0.0417	386	0.0542	157	1.6519	260	1.5138	120	1.4884
22	358	Larvae	125	Reproductive	306	21	32	34.47%	84.58%	1761	4	S22	147	0.0481	329	0.0912	338	0.1014	106	1.5178	379	1.1915	199	1.1592
23	303	Larvae	128	Vegetative	234	20	24	75.92%	1.59%	3802	1	S23	259	0.1077	82	0.1262	228	0.1622	56	2.4169	289	2.3861	279	2.2486
24	294	Pupae	162	Vegetative	314	16	27	60.06%	25.41%	1578	4	S24	463	0.0269	215	0.0293	420	0.0615	56	1.4461	373	1.4461	6	1..4335
25	169	Larvae	109	Reproductive	249	22	27	23.12%	83.19%	2367	4	S25	262	0.026	117	0.0557	483	0.0655	106	1.5592	377	1.4509	249	1.4468
26	306	Larvae	107	Vegetative	263	18	32	42.92%	89.95%	1942	8	S26	340	0.089	194	0.1059	391	0.1307	157	2.0128	152	1.8979	436	1.7904
27	272	Larvae	186	Ripening	230	23	30	42.01%	50.56%	1736	6	S27	217	0.0903	342	0.104	207	0.112	106	2.1406	173	1.8453	377	1.778
28	412	Egg	170	Ripening	493	20	29	75.76%	20.03%	4575	8	S28	190	0.0834	453	0.0866	165	0.0909	271	2.5819	113	2.4603	210	2.4227
29	469	Pupae	86	Ripening	326	19	26	54.25%	33.25%	4354	7	S29	448	0.0506	479	0.0884	119	0.1155	113	1.86	5	1.7058	122	1.6377
30	226	Pupae	138	Vegetative	478	18	27	50.19%	31.55%	2095	8	S30	146	0.1008	353	0.1115	364	0.1135	157	1.8179	336	1.6244	236	1.615
31	199	Pupae	148	Ripening	285	17	24	38.92%	46.02%	2893	1	S31	50	0.0942	497	0.0953	444	0.1185	186	1.779	351	1.7183	205	1.6761
32	291	Adult	169	Vegetative	269	22	29	32.01%	13.44%	3975	2	S32	447	0.0451	72	0.0603	416	0.0637	380	2.04	289	2.0198	58	1.9142
33	178	Egg	142	Reproductive	364	22	31	78.76%	44.94%	4324	4	S33	206	0.0523	231	0.0548	484	0.0566	48	1.6949	249	1.555	193	1.545
34	209	Pupae	88	Vegetative	369	16	31	75.92%	58.07%	2013	1	S34	38	0.0688	1	0.0711	80	0.1371	56	1.8778	157	1.8672	260	1.8564
35	407	Egg	58	Ripening	268	19	24	20.63%	41.09%	4128	2	S35	346	0.0213	448	0.0755	267	0.1196	326	2.2085	351	2.1103	407	2.0714
36	182	Adult	185	Reproductive	370	22	28	79.70%	19.24%	4714	6	S36	43	0.0786	432	0.1184	383	0.174	77	2.3451	251	1.9888	124	1.9641
37	426	Pupae	158	Ripening	440	16	25	22.12%	0.02%	4517	2	S37	493	0.1206	324	0.1402	448	0.1732	326	1.962	210	1.821	336	1..7961
38	302	Larvae	93	Vegetative	293	15	30	54.62%	60.77%	2809	3	S38	34	0.0688	45	0.0908	102	0.0935	407	1.5685	300	1.5527	260	1.5027
39	390	Pupae	149	Vegetative	197	18	28	18.39%	26.41%	717	5	S39	463	0.0591	215	0.0658	24	0.0862	236	1.6597	270	1.621	387	1.5992
40	363	Adult	76	Vegetative	484	21	30	24.15%	83.55%	2120	1	S40	343	0.1163	241	0.1234	147	0.1269	28	2.1387	183	2.0682	199	2.0504
41	156	Egg	121	Ripening	250	15	26	26.23%	82.03%	3372	4	S41	7	0.1012	31	0.1316	267	0.1707	283	20.943	164	2.0816	407	2.0177
42	230	Pupae	168	Reproductive	460	22	28	31.16%	28.91%	4014	8	S42	118	0.0972	16	0.1022	226	0.103	77	1.5582	417	1.5067	169	1.4662
43	320	Adult	172	Reproductive	353	22	31	66.03%	10.52%	3417	5	S43	36	0.0786	418	0.0925	283	0.0965	77	1.8493	108	1.6377	124	1.61
44	430	Larvae	174	Reproductive	419	17	28	55.67%	71.70%	593	3	S44	149	0.0774	467	0.0903	87	0.0948	336	1.3744	488	1.3141	6	1.2774
45	394	Pupae	56	Vegetative	327	16	29	14.42%	86.65%	2788	3	S45	244	0.0738	38	0.0908	77	0.1037	407	2.3694	46	1.9866	157	1.9755
46	151	Adult	190	Ripening	442	20	25	79.88%	18.27%	814	5	S46	202	0.0451	407	0.1213	12	0.1396	77	2.3466	186	2.2432	251	2.2417
47	177	Adult	53	Reproductive	523	21	29	52.46%	28.98%	4672	1	S47	288	0.0805	286	0.1836	388	0.1872	279	2.5222	251	2.3953	237	2.0542
48	492	Adult	54	Vegetative	182	18	24	26.18%	35.13%	2832	5	S48	162	0.1985	266	0.2066	259	0.2385	289	2.481	62	2.4259	56	2.2667
49	214	Larvae	176	Reproductive	255	23	24	68.37%	47.66%	918	1	S49	230	0.034	440	0.0945	12	0.1219	193	2.2085	56	2.102	186	2.0971
50	152	Larvae	133	Ripening	221	17	25	78.05%	53.05%	3909	3	S50	302	0.0732	31	0.0942	497	0.1073	289	1.7852	56	1.7787	164	1.7216
51	269	Pupae	60	Reproductive	465	16	25	76.04%	36.43%	666	4	S51	96	0.1157	462	0.1225	409	0.1351	83	2.0232	6	1.6834	419	1.6541
52	253	Larvae	120	Reproductive	339	17	29	57.53%	38.61%	1546	7	S52	383	0.0715	307	0.0926	364	0.1003	152	1.1737	436	1.1542	142	1.1465
53	279	Egg	97	Reproductive	271	18	32	20.03%	13.36%	4964	5	S53	465	0.0896	461	0.1004	21	0.1809	407	1.809	46	1.7885	131	1.78
54	412	Pupae	191	Reproductive	396	20	31	0.18%	67.77%	2621	2	S54	404	0.0596	214	0.1112	14	0.1209	212	1.5757	106	1.5737	193	1.5436
55	396	Pupae	58	Vegetative	420	20	32	7.68%	26.10%	2884	5	S55	188	0.0684	123	0.0778	91	0.1511	157	2.0537	46	1.8653	12	1.8292
56	479	Pupae	146	Ripening	515	23	31	21.59%	99.54%	4770	7	S56	410	0.1046	115	0.1328	165	0.1967	170	2.5972	417	2.5688	17	2.4377
57	261	Adult	107	Reproductive	315	20	27	97.16%	85.54%	4686	8	S57	483	0.1562	457	0.1584	315	0.1601	76	2.112	477	2.0997	214	1.924
58	473	Egg	57	Ripening	402	16	28	95.20%	57.09%	2381	6	S58	466	0.1087	178	0.1095	305	0.1219	83	2.2939	72	2.0453	447	2.0309
59	354	Egg	50	Vegetative	367	18	24	32.43%	51.43%	4647	3	S59	173	0.0983	254	0.1309	71	0.1761	326	2.5643	409	2.4351	279	2.1337
60	478	Pupae	63	Vegetative	498	16	28	39.76%	48.73%	4748	8	S60	276	0.1597	340	0.1848	188	0.2241	407	2.3073	157	2.208	90	2.2054
61	457	Larvae	141	Reproductive	353	23	27	88.05%	32.83%	4300	1	S61	203	0.1285	425	0.1416	105	0.1445	133	1.8101	473	1.7623	251	1.7407
62	279	Egg	135	Ripening	517	16	32	94.99%	66.69%	2736	4	S62	393	0.0882	178	0.1164	332	0.1405	48	2.4259	446	2.2457	266	2.1308
63	241	Egg	176	Vegetative	227	15	31	50.74%	74.91%	2671	4	S63	194	0.1035	215	0.1188	21	0.1298	260	2.3988	407	2.1478	157	2.0726
64	314	Pupae	67	Ripening	515	18	27	25.05%	72.49%	2058	8	S64	160	0.0773	308	0.0914	356	0.1075	83	1.8799	172	1.7776	157	1.7612
65	322	Egg	186	Vegetative	383	19	28	60.78%	61.15%	4941	2	S65	148	0.1224	339	0.1462	206	0.1569	260	1.9457	336	1.9137	326	1.8948
66	166	Adult	154	Reproductive	516	16	28	53.40%	24.55%	2071	7	S66	321	0.078	238	0.0873	52	0.1177	89	1.813	436	1.7825	145	1.7598
67	306	Pupae	100	Ripening	477	20	24	71.07%	37.00%	3266	6	S67	204	0.0595	110	0.0644	29	0.1242	186	1.6184	83	1.5154	456	1.4953
68	323	Egg	194	Ripening	520	17	30	63.55%	18.98%	3975	2	S68	332	0.1306	86	0.1599	103	0.1643	48	2.2449	271	2.0471	155	1.9707
69	386	Egg	152	Reproductive	433	22	24	90.36%	25.58%	2423	5	S69	281	0.0224	232	0.0523	265	0.0612	272	1.8893	351	1.7113	373	1.6928
70	242	Larvae	165	Reproductive	337	20	24	20.96%	72.63%	3594	4	S70	88	0.0908	25	0.1041	426	0.1057	140	1.3316	234	1.3287	236	1.2774
71	160	Pupae	50	Vegetative	495	21	24	26.76%	48.18%	3698	4	S71	235	0.046	59	0.1761	171	0.1775	279	2.5072	326	2.3785	336	2.1809
72	182	Adult	183	Vegetative	369	21	29	31.99%	45.59%	4670	1	S72	447	0.0175	32	0.0603	415	0.0957	380	2.2515	289	2.1	279	2.0762
73	265	Egg	99	Vegetative	475	19	27	1.99%	50.41%	675	5	S73	244	0.089	108	0.1149	123	0.131	336	2.2695	157	2.2447	120	1.7817
74	482	Larvae	198	Vegetative	252	21	24	72.73%	58.69%	2493	5	S74	325	0.0951	266	0.0955	320	0.1175	133	1.9751	103	1.841	236	1.7919
75	305	Egg	166	Ripening	384	23	27	60.78%	7.46%	698	2	S75	299	0.1238	232	0.1768	324	0.1883	193	2.5234	351	2.4474	186	2.4423
76	489	Egg	70	Ripening	418	21	26	10.29%	1.56%	1894	2	S76	161	0.105	324	0.1356	448	0.141	272	2.4848	326	2.3032	351	2.3006
77	470	Egg	58	Vegetative	201	15	28	27.92%	88.38%	1027	5	S77	45	0.1037	222	0.1862	385	0.219	407	2.9522	157	2.5708	213	2.4962
78	450	Adult	191	Vegetative	418	19	27	76.71%	75.58%	4695	2	S78	447	0.1472	259	0.1765	458	0.1842	278	2.4155	395	2.3309	143	2.3134
79	326	Adult	138	Vegetative	445	16	31	13.58%	78.85%	3204	1	S79	147	0.1343	40	0.1415	9	0.154	28	2.0634	436	2.0209	183	2.0151
80	204	Pupae	108	Reproductive	388	17	32	80.59%	92.57%	1279	4	S80	177	0.1235	109	0.1324	441	0.1367	157	1.7877	83	1.5206	260	1.4693
81	237	Adult	109	Ripening	521	19	32	51.98%	21.47%	2678	2	S81	347	0.1183	213	0.1208	387	0.1393	354	2.2411	251	2.2053	77	2.1181
82	352	Pupae	103	Vegetative	180	20	24	82.96%	45.16%	1697	1	S82	228	0.0426	375	0.0763	463	0.1138	56	2.1842	279	1.8419	373	1.8032
83	291	Adult	185	Reproductive	228	23	31	0.33%	20.17%	4857	1	S83	32	0.1076	447	0.1821	72	0.2016	106	2.4861	13	2.4028	146	2.3342
84	436	Larvae	64	Vegetative	398	19	25	59.37%	71.67%	1796	1	S84	384	0.0605	259	0.1026	148	0.1186	279	1.9645	28	1.8571	143	1.8468
85	463	Adult	117	Reproductive	412	18	32	80.09%	47.48%	4493	6	S85	401	0.0164	418	0.0281	129	0.117	183	2.1602	253	2.1374	299	1.8235
86	255	Pupae	196	Reproductive	491	19	32	38.06%	5.19%	3031	1	S86	304	0.0841	214	0.0987	328	0.1344	193	1.9947	336	1.8099	212	1.7308
87	416	Larvae	196	Reproductive	384	21	29	85.29%	54.13%	1637	3	S87	105	0.0384	163	0.0445	310	0.0928	13	1.291	276	1.2896	379	1.2777
88	193	Pupae	91	Reproductive	283	18	24	15.45%	32.47%	3547	3	S88	426	0.027	70	0.0908	348	0.1029	279	1.2865	289	1.2289	326	1.2054
89	462	Egg	160	Vegetative	186	22	27	0.16%	26.62%	3805	2	S89	145	0.1106	240	0.1305	258	0.1908	326	2.457	193	2.4217	427	2.3249
90	160	Adult	194	Ripening	212	18	27	6.01%	92.59%	2301	1	S90	302	0.1445	126	0.2004	191	0.2161	106	2.6532	205	2.5732	369	2.2835
91	489	Egg	94	Vegetative	381	21	30	21.98%	49.77%	1674	8	S91	188	0.0472	314	0.0714	123	0.0976	157	2..2499	197	2.1479	90	2.049
92	239	Egg	96	Ripening	424	17	30	33.55%	50.50%	1796	6	S92	133	0.0423	109	0.0573	285	0.1002	78	1.8288	157	1.7955	447	1.7255
93	496	Pupae	141	Reproductive	221	17	26	78.36%	20.17%	2432	7	S93	390	0.0527	265	0.1548	414	0.1548	47	1.5884	213	1.5695	152	1.5364
94	377	Larvae	185	Vegetative	478	16	29	18.27%	49.08%	614	1	S94	1	0.1059	263	0.1117	378	0.1269	336	2.5784	488	2.2493	139	1.991
95	250	Larvae	89	Ripening	467	23	29	2.05%	51.76%	2923	3	S95	261	0.0239	327	0.0808	4	0.1187	354	1.9287	368	1.7942	251	1.7352
96	185	Pupae	54	Ripening	338	17	25	90.43%	36.47%	1216	2	S96	169	0.1065	497	0.1151	51	0.1157	186	2.2616	56	2.0617	419	2.018
97	413	Egg	131	Ripening	366	18	31	84.65%	40.98%	2004	8	S97	138	0.1036	374	0.1063	178	0.1238	341	1.9696	415	1.9306	72	1.9107
98	265	Pupae	73	Vegetative	187	19	24	44.20%	97.51%	1018	3	S98	271	0.1186	82	0.129	426	0.1359	28	2.1	407	2.073	68	1.8818
99	191	Adult	70	Reproductive	214	18	31	91.71%	82.40%	3685	3	S99	177	0.0759	485	0.1413	128	0.151	477	2.0923	499	1.8703	56	1.8187
100	359	Adult	145	Ripening	428	17	27	92.68%	11.92%	3350	6	S100	129	0.0957	246	0.1358	427	0.1397	145	1.9667	424	1.9266	89	1.9198
101	184	Adult	181	Reproductive	382	17	26	35.42%	46.82%	1447	2	S101	238	0.0541	184	0.0599	321	0.0628	140	1.8555	205	1.8089	56	1.8037
102	265	Larvae	166	Vegetative	402	15	29	71.57%	70.15%	4187	3	S102	38	0.0935	313	0.1103	433	0.1277	260	1.8012	289	1.6123	234	1.5911
103	182	Egg	111	Ripening	495	17	28	23.57%	6.57%	3105	1	S103	318	0.1299	442	0.1438	68	0.1643	336	2.1974	368	2.1795	186	2.1418
104	322	Larvae	178	Ripening	489	21	28	73.58%	62.57%	1177	7	S104	216	0.1008	243	0.1204	349	0..1291	89	1.8327	77	1.7463	48	1.7138
105	451	Pupae	195	Reproductive	305	22	28	81.34%	37.54%	1756	2	S105	87	0.0384	163	0.1016	232	0.1347	193	1.5906	212	1.5557	351	1.4861
106	419	Egg	56	Vegetative	513	18	24	95.82%	11.56%	4659	7	S106	60	0.2246	462	0.2877	59	0.2882	326	2.9005	90	2.6532	20	2.5183
107	268	Adult	165	Vegetative	381	18	28	58.77%	71.39%	545	4	S107	17	0.0814	153	0.1114	391	0.1124	140	1.9105	56	1.8181	28	1.7874
108	282	Egg	80	Vegetative	474	19	24	34.46%	87.03%	1227	2	S108	244	0.0859	73	0.1149	330	0.1348	336	2.7295	326	2.1814	373	2.071
109	249	Pupae	89	Ripening	337	18	32	31.98%	65.45%	1435	4	S109	92	0.0573	111	0.0837	133	0.1013	106	1.6422	78	1.5846	368	1.4726
110	347	Pupae	116	Ripening	379	19	24	91.03%	19.44%	1366	6	S110	67	0.0644	204	0.0786	161	0.0789	186	1.8596	83	1.7918	351	1.7237
111	309	Pupae	63	Ripening	248	18	29	43.93%	40.42%	2646	3	S111	412	0.0473	497	0.0605	109	0.0837	78	1.3377	351	1.3268	154	1.307
112	357	Adult	112	Reproductive	524	21	26	28.54%	87.64%	4199	2	S112	403	0.0326	388	0.1387	152	0.1617	395	2.1704	218	2.0293	132	1.7931
113	158	Larvae	108	Vegetative	409	19	32	30.65%	96.71%	572	1	S113	122	0.1092	291	0.115	424	0.1241	28	2.4603	336	2.3324	157	2.274
114	402	Egg	163	Vegetative	424	18	27	10.69%	29.58%	4263	7	S114	258	0.042	489	0.0857	295	0.1771	326	2.0604	407	1.9144	387	1.8777
115	454	Larvae	146	Reproductive	472	22	30	55.34%	81.77%	4331	8	S115	19	0.0716	418	0.0919	56	0.1328	169	1.8848	96	1.7059	90	1.6974
116	357	Egg	101	Ripening	279	20	25	51.23%	99.60%	1982	6	S116	252	0.0588	439	0.0806	267	0.1335	172	2.2186	83	1.8035	447	1.6724
117	155	Pupae	91	Reproductive	199	22	27	22.79%	80.45%	2456	1	S117	25	0.0557	262	0.0582	492	0.0881	249	2.1467	193	1.81	435	1.7558
118	190	Larvae	199	Reproductive	434	20	24	30.14%	26.41%	4674	7	S118	42	0.0972	348	0.1296	70	0.1389	77	1.8722	236	1.8659	406	1.7294
119	469	Pupae	85	Ripening	474	15	26	53.64%	59.91%	3566	8	S119	466	0.0987	29	0.1155	58	0.1245	176	2.0633	210	2.032	83	2.0251
120	432	Adult	87	Ripening	378	18	24	93.36%	25.27%	3847	1	S120	498	0.0812	460	0.1418	497	0.1505	251	2.3169	419	2.2897	280	2.2237
121	218	Pupae	128	Reproductive	322	15	28	5.28%	29.92%	1952	5	S121	21	0.0391	334	0.0911	52	0.11	157	1.3089	436	1.2028	106	1.1239
122	160	Larvae	154	Vegetative	293	16	29	29.94%	75.49%	1012	1	S122	1	0.1006	113	0.1092	107	0.136	28	2.1912	336	2.1464	56	2.0953
123	451	Pupae	96	Vegetative	431	18	30	14.32%	54.75%	1241	5	S123	55	0.0778	188	0.0861	244	0.0926	157	1.9898	12	1.6364	407	1.5983
124	327	Egg	58	Reproductive	429	15	29	60.54%	95.63%	1818	1	S124	393	0.136	211	0.1427	275	0.1573	407	2.1548	157	2.1422	336	2.1197
125	399	Larvae	113	Ripening	379	19	27	0.14%	80.21%	4788	2	S125	142	0.0952	337	0.0997	404	0.1163	218	1.9452	472	1.7053	132	1.6918
126	238	Adult	200	Reproductive	186	20	25	53.91%	66.80%	3945	1	S126	208	0.1111	230	0.1367	12	0.1433	289	2.1751	56	1.9402	380	1.8878
127	202	Pupae	174	Ripening	188	23	24	5.25%	66.35%	3976	5	S127	255	0.1197	70	0.1887	88	0.2194	193	2.2354	172	2.1477	378	2.1061
128	282	Larvae	57	Reproductive	283	23	30	94.81%	68.34%	2649	4	S128	19	0.1402	471	0.1449	168	0.1458	499	1.5297	237	1.4831	251	1.4475
129	392	Larvae	133	Ripening	353	18	30	68.49%	36.05%	4463	7	S129	134	0.0809	100	0.0957	491	0.0994	108	1.6453	341	1.6319	330	1.5971
130	428	Larvae	107	Vegetative	396	23	32	36.18%	40.54%	1248	2	S130	176	0.0643	406	0.0839	277	0.0908	199	1.8502	41	1.7214	212	1.6277
131	438	Adult	153	Reproductive	331	23	25	3.51%	88.93%	1093	7	S131	389	0.1661	195	0.1761	155	1872	377	2.2314	472	2.1645	103	2.027
132	388	Egg	182	Vegetative	287	21	31	50.84%	7.17%	848	7	S132	3	0.0937	227	0.0989	39	0.1447	270	2.2446	212	2.2289	399	2.1191
133	216	Egg	91	Ripening	399	15	32	2.37%	63.19%	2575	6	S133	92	0.0423	109	0.1013	21	0.1423	157	2.4423	78	2.1879	447	1.9815
134	218	Larvae	156	Ripening	238	18	29	92.44%	41.00%	4942	7	S134	129	0.0809	486	0.1313	383	0.1582	477	2.0258	108	1.9407	394	1.935
135	312	Larvae	158	Vegetative	313	23	25	63.87%	86.03%	1107	5	S135	320	0.0681	440	0.0898	372	0.0995	236	1.805	140	1.7245	68	1.6345
136	206	Larvae	170	Vegetative	400	21	29	19.52%	34.66%	4760	6	S136	416	0.0689	226	0.1053	42	0.1131	236	1.6816	58	1.5659	380	1.5328
137	434	Egg	110	Ripening	433	19	27	80.52%	70.92%	1980	1	S137	256	0.0651	324	0.0765	332	0.1014	272	1.8892	351	1.7115	429	1.6564
138	372	Pupae	83	Ripening	375	15	31	94.19%	13.95%	3010	7	S138	178	0.0437	374	0.0551	466	0.0991	341	2.1416	145	1.8191	89	1.8171
139	176	Egg	69	Ripening	295	22	30	57.27%	87.15%	1722	8	S139	400	0.0782	430	0.1102	488	0.1598	172	2.4347	78	2.2434	9	2.038
140	450	Egg	74	Ripening	361	21	32	57.46%	7.60%	4327	6	S140	190	0.109	97	0.1934	178	0.2093	17	2.3422	271	2.1285	90	2.1164
141	440	Larvae	63	Vegetative	394	21	25	69.54%	46.56%	1236	6	S141	445	0.0691	353	0.0757	434	0.0813	90	1.7088	311	1.6791	68	1.6779
142	487	Pupae	115	Ripening	428	15	26	5.26%	97.69%	4380	1	S142	125	0.0952	493	0.1517	356	0.1936	218	2.3708	407	2.3663	478	2.0799
143	185	Egg	172	Ripening	328	23	32	15.05%	12.73%	914	5	S143	411	0.1662	278	0.1989	400	0.2218	193	2.6982	368	2.5683	212	2.4973
144	191	Egg	168	Vegetative	281	22	28	90.65%	61.78%	2823	6	S144	167	0.0967	361	0.1072	451	0.1199	260	2.0405	399	1.8772	142	1.8678
145	373	Egg	96	Vegetative	215	23	26	16.69%	56.40%	2307	1	S145	89	0.1106	82	0.1717	451	0.1821	326	2.222	193	2.1258	374	2.1168
146	208	Egg	91	Vegetative	403	18	25	76.28%	69.52%	1838	8	S146	13	0.0471	30	0.1008	459	0.1065	83	2.3342	157	2.2172	260	2.0418
147	366	Adult	103	Reproductive	341	19	31	20.97%	88.31%	2909	3	S147	22	0.0481	452	0.0862	367	0.104	106	1.5431	300	1.5291	183	1.4859
148	410	Pupae	105	Reproductive	459	20	28	61.62%	66.76%	4580	1	S148	384	0.055	173	0.0875	399	0.1021	326	1.9981	279	1.9739	336	1.6177
149	443	Adult	151	Reproductive	430	16	31	21.64%	77.80%	578	3	S149	467	0.0516	44	0.0774	147	0.1331	106	1.9032	13	1.8961	183	1.7664
150	257	Pupae	114	Reproductive	447	22	24	96.81%	72.15%	1054	8	S150	349	0.0453	154	0.1488	445	0.1605	83	2.0597	172	1.7934	456	1.7507
151	287	Egg	119	Reproductive	516	22	30	22.38%	28.21%	3396	5	S151	411	0.0876	484	0.0876	42	0.1147	368	1.7408	326	1.5609	193	1.5175
152	317	Larvae	180	Ripening	514	22	25	6.56%	67.89%	4289	1	S152	4	0.0293	125	0.1548	191	0.1553	218	2.4536	77	2.2669	354	2.265
153	457	Adult	140	Vegetative	448	19	27	24.76%	49.70%	1177	4	S153	343	0.036	164	0.0858	9	0.1075	488	1.9655	139	1.6536	190	1.5808
154	445	Pupae	133	Vegetative	511	22	25	69.71%	69.44%	560	7	S154	434	0.0409	445	0.0961	353	0.116	83	1.9805	408	1.9543	336	1.9296
155	336	Adult	94	Vegetative	393	21	28	17.30%	89.24%	1361	8	S155	274	0.1061	195	0.1108	329	0.1156	68	1.9707	236	1.9045	103	1.864
156	455	Adult	94	Vegetative	414	17	29	77.23%	39.26%	1796	5	S156	343	0.081	189	0.0852	274	0.0965	127	1.7656	183	1.745	488	4.6937
157	402	Adult	189	Ripening	242	23	25	83.62%	30.13%	4524	2	S157	203	0.1179	61	0.163	425	0.1637	424	2.7107	251	2.6434	77	2.5708
158	400	Pupae	81	Reproductive	364	16	24	0.28%	45.51%	4312	7	S158	18	0.1174	276	0.1327	422	0.1354	407	2.0823	326	1.8894	20	1.8826
159	325	Adult	70	Reproductive	444	16	24	43.87%	53.17%	2099	5	S159	321	0.0676	212	0.0915	18	0.0945	205	1.7703	419	1.7526	143	1..675
160	486	Pupae	97	Ripening	475	20	27	5.74%	72.41%	2253	7	S160	64	0.0773	380	0.0914	479	0.1205	456	1.7895	23	1.708	472	1.6969
161	436	Pupae	89	Ripening	318	20	26	55.43%	13.22%	1610	4	S161	474	0.0711	110	0.0789	497	0.0922	351	1.7067	186	1.6058	272	1.5475
162	497	Adult	121	Vegetative	220	19	29	27.07%	55.80%	1539	3	S162	343	0.0358	266	0.1043	153	0.1103	28	1.9996	300	1.9019	190	1.8065
163	362	Larvae	191	Reproductive	330	22	27	89.99%	90.09%	2333	2	S163	87	0.0445	371	0.0993	105	0.1016	133	1.5685	278	1.5413	377	1.5244
164	499	Adult	123	Vegetative	475	22	30	16.58%	32.80%	2567	4	S164	153	0.0858	130	0.105	343	0.1118	41	2.0816	395	1.9714	183	1.9555
165	373	Egg	151	Ripening	395	20	28	50.42%	60.23%	3574	6	S165	350	0.059	453	0.065	28	0.0909	170	1.4313	271	1.4247	48	1.418
166	460	Egg	57	Ripening	278	20	27	67.78%	20.77%	1531	8	S166	161	0.1139	365	0.1378	29	0.1403	172	2.199	447	2.1235	78	2.0957
167	184	Egg	171	Reproductive	241	21	27	54.43%	57.57%	2553	8	S167	342	0.0405	334	0.0809	439	0.093	172	1.7503	236	1.6471	120	1.6324
168	285	Pupae	73	Reproductive	458	23	29	57.24%	89.03%	1525	3	S168	275	0.086	471	0.0996	371	0.1057	272	1.5007	368	1.4141	279	1.3786
169	190	Larvae	84	Ripening	230	16	25	45.66%	55.06%	564	1	S169	302	0.0866	497	0.0929	96	0.1065	205	2.3158	56	2.1866	419	2.0591
170	190	Adult	95	Vegetative	348	17	26	68.46%	8.34%	1632	2	S170	23	0.1977	24	0.2008	409	0.209	56	2.5972	289	2.1806	279	2.0327
171	206	Larvae	58	Vegetative	338	19	27	65.30%	54.34%	4917	4	S171	485	0.0325	495	0.0424	468	0.1132	279	2.1522	289	1.8571	260	1.6299
172	367	Adult	189	Vegetative	480	16	31	67.64%	10.91%	4076	1	S172	378	0.1207	454	0.1757	382	0.1845	253	2.4699	139	2.4347	292	2.3296
173	499	Egg	70	Vegetative	446	20	25	46.70%	34.84%	3749	1	S173	148	0.0875	59	0.0983	394	0.1231	326	2.8706	243	2.3686	272	2.362
174	444	Egg	193	Ripening	414	19	27	31.59%	81.61%	1001	4	S174	165	0.1279	299	0.134	316	0.1589	415	1.7818	336	1.771	468	1.7005
175	333	Adult	73	Reproductive	381	20	29	43.14%	6.01%	3198	8	S175	301	0.0761	431	0.1287	307	0.1312	237	1.5565	284	1.5282	236	1.4518
176	287	Adult	85	Vegetative	325	23	32	53.92%	36.53%	1624	1	S176	130	0.0643	309	0.1	310	0.1503	28	2.1879	499	2.1587	199	2.0633
177	298	Larvae	61	Reproductive	270	16	31	99.02%	82.88%	2765	5	S177	99	0.0759	80	0.1235	38	0.1408	152	1.6932	477	1.6016	260	1.5812
178	339	Egg	86	Ripening	430	15	31	69.71%	32.81%	3746	6	S178	138	0.0437	190	0.0654	393	0.0912	341	1.949	131	1.8783	446	1.83
179	327	Pupae	84	Vegetative	229	21	28	47.13%	45.03%	2306	6	S179	451	0.0547	463	0.0617	248	0.0662	142	1.4205	152	1.4105	236	1.4099
180	465	Pupae	178	Reproductive	298	16	32	2.33%	40.85%	4149	4	S180	54	0.1266	350	0.1649	404	0.2129	13	1.7312	407	1.7203	46	1.657
181	383	Adult	172	Ripening	505	21	30	11.93%	57.88%	2323	2	S181	213	0.0552	4	0.0812	470	0.1338	354	2.5641	106	2.3619	13	2.2595
182	363	Pupae	148	Reproductive	292	15	31	51.32%	91.72%	2157	1	S182	441	0.0953	211	0.113	316	0.1463	407	1.6564	389	1.6116	106	1.6095
183	151	Egg	197	Ripening	208	22	25	37.00%	14.94%	1416	6	S183	167	0.151	342	0.1565	127	0.2334	193	2.7611	351	2.56	186	2.4134
184	291	Adult	159	Reproductive	291	15	25	26.09%	59.84%	1380	4	S184	101	0.0599	321	0.0814	238	0.1114	205	1.8714	140	1.8186	56	1.7328
185	402	Adult	96	Reproductive	426	22	27	41.19%	5.16%	1359	4	S185	367	0.0801	471	0.093	260	0.1215	251	1.5266	323	1.4902	354	1.4544
186	476	Larvae	152	Vegetative	294	16	32	35.55%	97.77%	4758	7	S186	458	0.0879	2	0.1407	351	0.1426	300	2.5187	75	2.4423	183	2.4134
187	292	Larvae	104	Reproductive	206	23	27	20.04%	0.50%	4035	5	S187	431	0.0419	294	0.1406	192	0.1631	236	1.851	62	1.7142	289	1.5633
188	440	Pupae	86	Vegetative	485	22	30	25.80%	49.40%	2579	7	S188	91	0.0472	55	0.0684	123	0.0861	157	1.8157	302	1.8075	90	1.7974
189	370	Adult	74	Reproductive	498	17	30	67.03%	27.17%	705	5	S189	306	0.0731	156	0.0852	297	0.1349	127	1.7151	89	1.6522	488	1.5865
190	354	Egg	87	Ripening	437	18	29	75.79%	24.01%	4916	8	S190	178	0.0654	28	0.0834	140	0.109	341	2.1703	113	2.0909	210	2.0568
191	218	Larvae	159	Ripening	400	22	26	32.39%	92.49%	2132	3	S191	255	0.0476	261	0.107	4	0.1071	377	1.8039	106	1.752	354	1.6377
192	346	Larvae	102	Ripening	402	23	28	47.15%	13.25%	4044	5	S192	425	0.0666	327	0.1149	431	0.1155	237	1.7706	251	1.7573	77	1.7567
193	457	Adult	53	Reproductive	413	15	29	87.43%	92.91%	3877	8	S193	401	0.0656	435	0.1521	85	0.1687	183	2.7611	143	2.6982	75	2.5234
194	288	Pupae	142	Vegetative	299	18	30	72.73%	59.19%	2303	6	S194	463	0.0237	209	0.0373	340	0.0595	152	1.4845	260	1.4487	157	1.3772
195	334	Larvae	82	Reproductive	284	21	28	27.31%	99.91%	682	7	S195	329	0.0752	155	0.1108	307	0.111	172	1.7235	68	1.6497	106	1.4252
196	313	Adult	118	Ripening	349	22	30	47.05%	16.18%	1167	7	S196	297	0.0788	338	0.0974	27	0.1204	354	1.9636	59	1.7929	173	1.7915
197	217	Adult	195	Ripening	314	17	29	79.56%	45.24%	3622	1	S197	302	0.1293	360	0.1598	12	0.1736	91	2.1479	13	2.1306	106	2.1042
198	437	Egg	169	Reproductive	490	17	31	84.08%	25.47%	1208	6	S198	369	0.0999	97	0.1291	227	0.1368	294	1.8797	457	1.8577	90	1.81
199	229	Egg	163	Ripening	335	16	25	36.29%	25.69%	4732	8	S199	348	0.1174	250	0.1271	334	0.1697	210	2.0719	20	2.0587	176	2.0513
200	369	Egg	111	Reproductive	433	20	30	81.07%	48.44%	830	3	S200	275	0.0095	265	0.1373	198	0.1386	272	1.6096	83	1.4778	373	1.4123
201	314	Pupae	191	Vegetative	202	19	28	29.97%	2.17%	3145	5	S201	416	0.0704	295	0.0937	257	0.096	236	1.8361	437	1.7557	270	1.6976
202	183	Larvae	163	Ripening	463	19	24	96.36%	15.21%	1910	6	S202	46	0.0451	110	0.1057	300	0.1224	186	2.0917	77	2.0206	251	1.9234
203	418	Adult	178	Reproductive	233	20	27	80.93%	30.54%	4668	4	S203	268	0.088	496	0.1118	157	0.1179	424	1.7288	133	1.7185	473	1.6553
204	314	Pupae	60	Ripening	415	18	25	94.46%	2.45%	3342	7	S204	466	0.0527	67	0.0595	110	0.0786	83	1.9267	20	1.9084	186	1.8351
205	482	Egg	177	Reproductive	442	22	32	99.85%	52.47%	3481	7	S205	438	0.1033	28	0.1763	198	0.2038	379	2.6975	90	2.5732	408	2.4071
206	221	Egg	195	Reproductive	347	22	30	85.66%	71.62%	4011	2	S206	33	0.0523	231	0.0697	371	0.1175	48	1.9734	193	1.8148	276	1.8148
207	339	Pupae	169	Ripening	316	22	30	71.14%	79.75%	3032	4	S207	491	0.0771	381	0.0824	165	0.0983	276	1.6361	48	1.6025	106	1.5847
208	373	Adult	121	Reproductive	219	22	25	30.83%	57.61%	4355	1	S208	126	0.1111	293	0.1508	255	0.1691	289	1.9109	62	1.8486	374	1.8295
209	320	Pupae	160	Vegetative	211	19	30	82.13%	52.48%	1112	4	S209	463	0.019	194	0.0373	3	0.0889	152	1.6719	479	1.6602	56	1.6382
210	285	Larvae	82	Vegetative	246	23	29	83.94%	90.92%	579	1	S210	406	0.1099	309	0.1482	176	0.1653	28	2.4227	56	2.1601	499	2.1015
211	420	Pupae	125	Reproductive	426	15	28	86.87%	60.16%	2843	1	S211	332	0.0883	384	0.0959	182	0.113	336	1.4748	131	1.4624	389	1.4569
212	299	Adult	51	Reproductive	504	15	24	79.71%	87.69%	4031	6	S212	435	0.0732	159	0.0915	18	0.0952	143	2.4973	89	2.2645	132	2.2289
213	218	Adult	191	Ripening	508	21	30	36.73%	51.67%	3326	2	S213	4	0.046	181	0.0552	81	0.1208	77	2.4962	354	2.4275	106	2.3557
214	385	Pupae	174	Reproductive	512	18	31	0.27%	15.86%	1420	2	S214	304	0.0902	263	0.0967	86	0.0987	336	1.9901	57	1.924	193	1.7944
215	289	Pupae	156	Vegetative	280	16	27	35.50%	62.80%	1503	5	S215	24	0.0293	463	0.0349	39	0.0658	260	1.3836	336	1.3785	157	1.3773
216	174	Adult	167	Ripening	490	21	28	38.09%	71.51%	2636	7	S216	287	0.0519	243	0.0777	104	0.1008	77	2.2317	472	2.1623	89	2.1043
217	230	Larvae	171	Ripening	312	23	30	0.23%	70.76%	3649	6	S217	27	0.0903	224	0.122	216	0.1735	106	2.2665	472	2.0393	288	1.8764
218	179	Egg	104	Vegetative	243	20	32	71.48%	7.07%	1279	7	S218	3	0.0949	365	0.1269	194	0.1671	152	2.4536	142	2..3708	399	2.2956
219	491	Adult	197	Reproductive	241	21	25	42.41%	76.66%	1446	2	S219	163	0.1447	266	0.1512	74	0.1648	377	1.9842	106	1.9469	133	1.9047
220	286	Larvae	181	Vegetative	414	19	30	48.09%	67.90%	2923	8	S220	274	0.0502	194	0.0835	383	0.0924	76	1.7193	35	1.6949	413	1.6235
221	303	Egg	89	Reproductive	197	16	28	23.76%	26.15%	1289	8	S221	121	0.128	285	0.142	365	0.1541	157	1.9185	78	1.9014	152	1.8748
222	372	Egg	79	Vegetative	207	19	29	83.82%	89.60%	2164	6	S222	194	0.107	179	0.115	314	0.1259	407	2.1598	260	2.1018	152	2.0744
223	171	Larvae	134	Reproductive	376	15	26	32.70%	98.22%	888	6	S223	392	0.0713	238	0.1085	184	0.1157	140	1.853	336	1.819	157	1.7771
224	258	Pupae	130	Ripening	357	20	29	2.86%	83.98%	2263	8	S224	64	0.1178	217	0.122	400	0.1247	172	1.7847	472	1.6834	23	1.6801
225	487	Larvae	95	Reproductive	311	21	29	21.71%	57.30%	3705	5	S225	496	0.0592	19	0.0703	307	0.0814	300	1.2058	46	1.1982	407	1.128
226	161	Pupae	199	Reproductive	376	19	29	18.02%	29.24%	4253	5	S226	42	0.103	136	0.1053	334	0.1152	193	1.5866	234	1.4129	437	1.3231
227	416	Pupae	177	Vegetative	432	18	30	53.04%	1.17%	1924	6	S227	369	0.0507	414	0.0724	132	0.0989	270	1.6791	90	1.6645	423	1.6188
228	335	Egg	89	Vegetative	288	20	24	94.03%	21.46%	2371	1	S228	82	0.0426	23	0.1622	451	0.1734	373	2.2087	326	2.1795	56	2.1779
229	207	Egg	75	Vegetative	234	23	29	57.34%	49.59%	4021	4	S229	451	0.0646	361	0.0768	179	0.113	249	2.1084	279	1.9062	260	1.9042
230	155	Larvae	176	Reproductive	280	21	25	70.67%	49.31%	1864	3	S230	49	0.034	12	0.074	440	0.0862	193	1.7185	56	1.7033	60	1.6614
231	190	Egg	143	Reproductive	507	23	30	74.68%	62.02%	4703	2	S231	33	0.0548	206	0.0697	484	0.1049	48	2.1868	279	1.8883	77	1.861
232	355	Egg	180	Reproductive	357	21	27	93.39%	19.55%	1217	6	S232	69	0.0523	265	0.0549	105	0.1347	373	1.6618	351	1.5973	193	1.5676
233	247	Larvae	90	Vegetative	200	15	26	9.21%	82.74%	2183	5	S233	215	0.0955	480	0.1015	98	0.1465	407	2.1653	28	1.9984	205	1.9002
234	433	Larvae	63	Ripening	385	22	31	94.80%	36.95%	1059	7	S234	449	0.1411	196	0.1531	283	0.1717	284	2.116	237	2.1028	89	2.0021
235	212	Pupae	66	Vegetative	462	23	26	23.93%	27.81%	3562	6	S235	71	0.046	13	0.1737	15	0.1829	326	2.1187	279	2.1015	236	1.9746
236	413	Pupae	104	Ripening	465	16	32	95.61%	92.29%	3954	1	S236	393	0.0561	305	0.1152	211	0.133	429	2.5246	446	2.4699	478	2.3532
237	314	Egg	197	Vegetative	258	16	27	1.79%	79.83%	527	4	S237	284	0.0139	215	0.0702	39	0.1534	336	2.7009	8	2.2723	407	2.2442
238	166	Larvae	170	Reproductive	475	15	26	39.13%	41.77%	1213	4	S238	321	0.0332	101	0.0541	66	0.0873	336	1.9951	6	1.7865	140	1.6542
239	402	Larvae	104	Ripening	206	17	30	32.01%	82.06%	952	7	S239	491	0.1157	449	0.1258	412	0.1364	106	1.7682	273	1.7554	319	1.6553
240	403	Egg	155	Vegetative	307	20	30	45.38%	5.37%	3008	2	S240	273	0.1114	201	0.1207	89	0.1305	270	1.9695	212	1.8926	193	1.8353
241	466	Larvae	150	Vegetative	504	22	30	43.39%	93.08%	2977	2	S241	244	0.1198	40	0.1234	148	0.1454	385	2.1276	183	2.0973	199	2.0183
242	468	Adult	150	Reproductive	380	15	31	63.60%	87.29%	3881	3	S242	454	0.0625	452	0.0955	401	0.1023	183	2.2659	300	2.0615	13	2.0498
243	155	Larvae	191	Ripening	395	19	30	46.93%	88.11%	1707	8	S243	216	0.0777	104	0.1204	326	0.1329	173	2.3686	106	2.2394	89	2.0998
244	301	Pupae	100	Vegetative	371	19	28	23.07%	84.05%	1422	3	S244	45	0.0738	108	0.0859	73	0.089	157	1.5207	336	1.4768	407	1.4221
245	282	Larvae	115	Reproductive	208	16	24	98.70%	90.07%	2614	2	S245	375	0.0782	282	0.1371	475	0.1477	56	2.1667	260	2.0362	289	1.875
246	348	Larvae	181	Ripening	346	19	25	49.50%	8.53%	3414	8	S246	100	0.1358	390	0.1582	118	0.1644	113	1.9779	424	1.8948	210	1.8197
247	151	Pupae	135	Ripening	204	21	30	18.66%	76.82%	3959	1	S247	312	0.0823	117	0.1212	311	0.1289	249	2.289	106	2.1192	435	2.0226
248	378	Pupae	70	Vegetative	272	19	26	34.09%	9.49%	2998	8	S248	179	0.0662	258	0.1187	451	0.1385	236	1.9313	213	1.8252	90	1.8143
249	490	Adult	178	Reproductive	466	16	28	80.50%	20.22%	1174	8	S249	390	0.1003	10	0.1683	100	0.1933	247	2.289	253	2.2324	361	2.2062
250	371	Egg	147	Ripening	221	17	28	14.62%	57.57%	4003	7	S250	350	0.0775	486	0.1116	165	0.1173	407	1.7703	172	1.7337	176	1.6359
251	493	Egg	180	Vegetative	260	15	30	14.23%	87.73%	1784	8	S251	316	0.1633	215	0.1917	237	0.1943	407	2.7532	157	2.6434	387	2.4843
252	424	Egg	111	Ripening	231	21	24	40.92%	75.96%	1730	3	S252	116	0.0588	299	0.0624	413	0.0757	172	2.1507	351	2.1473	272	1.7667
253	220	Egg	91	Reproductive	206	23	24	29.42%	99.75%	989	4	S253	492	0.1105	292	0.1188	262	0.1221	172	2.4699	249	2.2324	85	2.1374
254	312	Pupae	88	Vegetative	390	15	24	9.20%	39.85%	2645	2	S254	433	0.1006	422	0.1096	88	0.1307	336	1.8954	326	1.7834	407	1.7171
255	288	Larvae	133	Ripening	322	23	24	20.08%	66.14%	2658	3	S255	191	0.0476	426	0.0814	70	0.108	377	1.7416	186	1.6978	351	1.6175
256	496	Egg	134	Ripening	367	19	29	54.80%	64.34%	3713	1	S256	137	0.0651	324	0.1121	14	0.1136	17	1.7635	429	1.6866	480	1.6044
257	283	Pupae	193	Reproductive	242	17	26	19.75%	7.34%	4543	4	S257	201	0.096	348	0.09997	444	0.1167	234	1.6716	289	1.6635	193	1.5977
258	402	Egg	137	Vegetative	281	19	26	7.82%	13.34%	4795	7	S258	114	0.042	248	0.1187	201	0.1553	326	2.2855	407	2.2004	236	2.051
259	460	Larvae	119	Vegetative	365	19	24	42.74%	27.94%	3723	1	S259	84	0.1026	23	0.1077	173	0.1315	326	2.1404	139	1.97	279	1.9619
260	467	Adult	117	Ripening	516	23	29	4.48%	16.34%	1333	5	S260	185	0.1215	181	0.1415	196	0.1738	354	2.8048	63	2.3988	375	2.3872
261	158	Larvae	106	Ripening	453	23	28	4.16%	59.65%	2651	1	S261	95	0.0239	327	0.07	191	0.107	368	2.0645	354	2.0533	251	2.0332
262	185	Pupae	86	Reproductive	322	22	27	12.90%	85.82%	2948	4	S262	25	0.026	492	0.0573	117	0.0582	249	1.6861	172	1.5535	368	1.3053
263	268	Pupae	179	Reproductive	458	15	28	11.23%	36.15%	1220	1	S263	214	0.0967	317	0.1039	238	0.1045	336	2.3241	57	1.7163	488	1.6702
264	169	Pupae	180	Vegetative	259	18	31	54.49%	49.30%	4862	7	S264	136	0.1305	194	0.1331	220	0.1618	260	2.0763	437	1.9032	76	1.8476
265	414	Egg	128	Reproductive	404	19	26	76.20%	1.19%	1516	5	S265	232	0.0549	69	0.0612	281	0.0867	272	1.694	90	1.6606	83	1.6114
266	462	Adult	132	Vegetative	209	22	25	58.66%	49.57%	1233	4	S266	446	0.0869	74	0.0955	162	0.1043	62	2.1308	236	2.0165	56	1.9904
267	295	Egg	90	Ripening	324	20	27	26.16%	86.92%	3314	2	S267	252	0.1051	482	0.1139	35	0.1196	249	1.8798	172	1.751	351	1.5945
268	400	Adult	192	Reproductive	206	19	30	35.93%	25.56%	3532	5	S268	496	0.057	203	0.088	43	0.1079	13	1.7493	108	1.6449	476	1.6269
269	279	Larvae	196	Ripening	351	18	26	7.48%	24.33%	560	5	S269	464	0.1194	101	0.1961	184	0.2031	106	1.8229	193	1..7197	186	1.6534
270	172	Adult	82	Ripening	436	18	25	69.24%	98.65%	3493	5	S270	287	0.1051	212	0.1407	498	0.1865	89	2.2501	132	2.2446	251	2.053
271	284	Adult	76	Vegetative	219	18	26	51.15%	97.19%	1387	2	S271	98	0.1186	84	0.1447	233	0.158	28	2.5819	56	2.2551	205	2.1305
272	218	Adult	179	Reproductive	205	15	31	31.28%	83.09%	4039	8	S272	480	0.1685	358	0.2208	443	0.2557	76	2.4848	173	2.362	394	2.3526
273	265	Egg	114	Vegetative	434	23	30	37.35%	8.15%	3621	1	S273	319	0.0716	484	0.0963	240	0.1114	326	2.332	193	2.2949	279	2.091
274	359	Adult	139	Vegetative	481	18	29	51.73%	70.27%	2408	7	S274	220	0.0502	351	0.0737	10	0.0846	183	1.7234	413	1.7162	35	1.7075
275	376	Egg	99	Reproductive	437	20	30	69.76%	64.08%	1947	3	S275	200	0.0095	168	0.086	137	0.1115	272	1.413	83	1.3015	157	1.2904
276	356	Larvae	63	Vegetative	484	16	24	11.64%	61.14%	3348	8	S276	18	0.1177	158	0.1327	433	0.1427	407	2.2487	157	2.1988	326	2.0868
277	434	Larvae	66	Vegetative	419	22	31	55.09%	30.40%	541	6	S277	130	0.0908	188	0.1002	141	0.1484	90	1.8292	41	1.7985	157	1.7846
278	322	Egg	108	Ripening	307	19	31	6.97%	4.66%	1286	8	S278	285	0.1167	363	0.1301	92	0.1328	78	2.4155	368	2.0555	447	2.0111
279	471	Pupae	196	Ripening	224	17	32	15.11%	56.34%	508	8	S279	381	0.174	239	0.1745	316	0.2572	47	2.5222	495	2.5091	71	2.5072
280	319	Egg	166	Vegetative	314	20	27	1.92%	80.38%	1223	8	S280	372	0.0914	439	0.1267	237	0.1541	120	2.2237	387	2.2188	157	2.1935
281	447	Egg	122	Reproductive	509	23	25	74.70%	29.89%	2249	5	S281	69	0.0224	265	0.0867	232	0.1454	272	2.111	326	1.8633	90	1.786
282	360	Larvae	74	Reproductive	207	17	25	87.70%	29.12%	2927	4	S282	469	0.0783	497	0.0896	462	0.1089	56	1.6901	419	1.6195	289	1.5854
283	477	Adult	125	Reproductive	387	22	30	98.98%	9.55%	2671	6	S283	43	0.0965	425	0.1055	418	0.1303	41	2.0943	284	1.9664	237	1.9632
284	250	Egg	190	Vegetative	350	16	27	3.89%	81.51%	956	3	S284	237	0.0139	215	0.078	244	0.1355	336	2.8089	8	2.1687	157	2.1593
285	290	Egg	107	Ripening	245	16	30	19.56%	23.66%	1234	4	S285	111	0.0912	92	0.1002	21	0.1022	78	1.9693	495	1.8016	447	1.758
286	157	Adult	101	Reproductive	515	17	28	9.16%	15.18%	4849	4	S286	15	0.0857	47	0.1836	379	0.1876	205	1.9839	289	1.9823	279	1.9571
287	257	Adult	106	Ripening	474	20	26	34.10%	66.77%	2282	7	S287	216	0.0519	303	0.095	10	0.0983	472	1.9055	89	1.8401	63	1.6364
288	289	Adult	84	Reproductive	411	23	29	65.23%	4.49%	3703	2	S288	47	0.0805	388	0.1079	185	0.1304	251	2.0187	279	1.9061	237	1.8214
289	443	Egg	140	Ripening	514	22	32	53.89%	83.34%	1013	6	S289	275	0.1474	200	0.1671	381	0.1798	48	2.481	415	2.4697	408	2.4122
290	256	Pupae	157	Reproductive	466	21	25	44.49%	50.61%	1447	3	S290	298	0.0658	402	0.0847	464	0.0982	336	1.6096	193	1.4422	186	1.4404
291	209	Larvae	75	Vegetative	514	18	31	14.39%	80.86%	2435	4	S291	424	0.1138	113	0.115	244	0.1314	157	2.2442	436	2.0382	336	1.7978
292	153	Pupae	100	Reproductive	215	22	25	49.10%	92.72%	1284	8	S292	253	0.1188	167	0.1243	25	0.1425	172	2.3296	236	2.0135	68	1。8442
293	277	Larvae	80	Reproductive	199	20	27	25.06%	21.73%	1692	1	S293	426	0.0937	367	0.1085	497	0.1339	106	1.4271	251	1.3968	28	1.3958
294	178	Larvae	65	Ripening	262	22	26	4.52%	0.64%	4133	2	S294	327	0.1346	187	0.1406	88	0.1864	251	2.2804	186	2.2669	205	2.2586
295	314	Pupae	180	Vegetative	288	16	26	25.90%	14.94%	2025	8	S295	201	0.0937	215	0.0942	24	0.1006	236	2.0783	387	2.0649	423	1.8507
296	383	Pupae	173	Ripening	308	15	27	88.50%	29.43%	1361	4	S296	110	0.1354	332	0.1605	316	0.1731	419	1.7213	56	1.5807	83	1.5771
297	313	Adult	117	Reproductive	455	21	31	67.21%	11.22%	585	8	S297	196	0.0788	189	0.1349	175	0.1378	142	2.0657	35	1.9265	41	1.8644
298	187	Larvae	179	Reproductive	468	20	26	12.71%	59.37%	1130	1	S298	101	0.0656	290	0.0658	341	0.1181	336	2.231	193	1.902	140	1.7617
299	416	Egg	169	Ripening	321	21	24	36.54%	49.16%	1088	1	S299	252	0.0624	324	0.103	413	0.1137	351	2.3358	193	2.3098	186	2.1368
300	163	Egg	159	Ripening	499	20	24	72.81%	18.05%	1046	7	S300	202	0.1224	110	0.148	67	0.1529	186	2.5187	368	2.286	336	2.1922
301	257	Adult	83	Reproductive	260	17	29	23.81%	4.14%	4297	8	S301	175	0.0761	443	0.086	358	0.1849	289	1.9724	236	1.7235	477	1.6543
302	165	Adult	150	Ripening	252	17	25	70.24%	69.44%	2045	1	S302	50	0.0732	169	0.0866	12	0.1261	205	2.2672	56	2.2459	106	2.0204
303	175	Larvae	102	Reproductive	510	20	27	30.03%	65.66%	1496	6	S303	329	0.0424	402	0.0929	287	0.095	157	1.3929	436	1.3714	368	1.3502
304	261	Larvae	138	Reproductive	413	18	32	14.72%	2.59%	1940	1	S304	331	0.0764	86	0.0841	214	0.0902	106	1.6705	193	1.6264	436	1.5524
305	436	Pupae	105	Ripening	314	15	31	87.63%	83.85%	2452	4	S305	236	0.1152	58	0.1219	323	0.1311	341	1.7507	429	1.7387	71	1.7076
306	320	Adult	75	Reproductive	477	16	32	59.24%	72.40%	633	7	S306	189	0.0731	52	0.1519	274	0.1842	89	2.2204	157	2.0286	436	2.0155
307	360	Larvae	90	Reproductive	338	19	28	7.28%	43.65%	1796	6	S307	329	0.0454	225	0.0814	52	0.0926	236	1.085	231	1.0477	206	1.0209
308	337	Pupae	117	Ripening	496	17	30	34.34%	94.05%	3122	6	S308	356	0.073	64	0.0914	92	0.1013	446	1.8946	23	1.7486	440	1.6658
309	250	Adult	90	Vegetative	211	21	31	44.53%	62.14%	723	4	S309	338	0.0751	176	0.1	210	0.1482	28	2.2533	56	1.9581	68	1.9504
310	274	Larvae	156	Reproductive	309	22	32	79.31%	45.25%	1418	2	S310	87	0.0928	22	0.1033	338	0.1381	106	1.5743	276	1.5601	158	1.4703
311	257	Egg	174	Ripening	256	20	32	51.10%	46.64%	4282	2	S311	328	0.0932	350	0.0997	322	0.1133	276	1.9827	48	1.9385	193	1.8949
312	262	Pupae	143	Ripening	264	17	29	13.69%	61.29%	4468	1	S312	247	0.0823	337	0.0823	442	0.1153	154	1.8089	106	1.7287	249	1.6941
313	178	Pupae	154	Vegetative	511	17	28	85.65%	97.57%	2867	4	S313	102	0.1103	475	0.1526	80	0.2026	336	2.1551	6	1.9989	260	1.9758
314	484	Egg	116	Vegetative	334	20	32	70.03%	65.37%	1512	7	S314	91	0.0714	222	0.1259	340	0.1457	379	2.2572	408	2.0687	157	2.0685
315	336	Larvae	162	Ripening	379	22	26	95.11%	74.06%	4551	7	S315	425	0.1284	57	0.1601	491	0.18	77	2.0141	424	1.9983	113	1.98
316	430	Egg	190	Reproductive	292	16	29	51.78%	68.04%	1539	5	S316	215	0.1406	385	0.1433	182	0.1463	47	1.7399	495	1.4953	379	1.4597
317	233	Pupae	189	Ripening	476	15	27	44.87%	63.70%	2175	2	S317	263	0.1039	333	0.1302	238	0.1355	336	2.0555	48	1.5827	6	1.5422
318	217	Egg	63	Reproductive	461	17	28	43.03%	31.08%	4290	3	S318	103	0.1299	442	0.1358	393	0.1713	326	1.768	131	1.7473	279	1.6708
319	304	Pupae	74	Vegetative	506	22	32	50.27%	4.57%	4536	2	S319	273	0.0716	55	0.1846	370	0.1952	326	2.2811	279	2.2302	90	1.9343
320	282	Larvae	199	Vegetative	262	22	27	48.92%	70.46%	3052	5	S320	135	0.0681	416	0.0684	440	0.1141	236	1.6348	58	1.4596	466	1.4525
321	202	Adult	121	Reproductive	477	15	26	27.52%	41.74%	1627	4	S321	238	0.0332	101	0.0628	159	0.0676	205	1.8981	488	1.796	436	1.7094
322	262	Pupae	179	Reproductive	239	21	32	54.38%	8.08%	4884	3	S322	311	0.1133	33	0.1218	484	0.1412	212	1.8072	193	1.7741	435	1.6479
323	492	Egg	137	Reproductive	322	16	31	88.57%	93.75%	4270	4	S323	305	0.1311	2	0.155	438	0.1618	294	1.9786	407	1.9438	359	1.9349
324	482	Egg	136	Ripening	425	19	25	62.12%	20.26%	2676	1	S324	137	0.0765	299	0.103	256	0.1121	272	2.1465	351	2.0363	186	1.9155
325	417	Larvae	150	Vegetative	273	23	26	69.92%	19.14%	2942	7	S325	446	0.0895	490	0.0939	74	0.0951	236	1.9806	142	1.7385	133	1.7194
326	223	Adult	185	Ripening	244	18	32	79.56%	74.67%	584	7	S326	243	0.1329	52	0.2056	381	0.2131	106	2.9005	173	2.8706	59	2.5643
327	213	Larvae	129	Ripening	378	23	29	32.31%	21.40%	3919	1	S327	261	0.07	95	0.0808	4	0.1046	251	1.984	77	1.9208	193	1.84
328	189	Egg	156	Reproductive	329	18	30	28.54%	40.53%	2578	2	S328	386	0.0258	21	0.0417	311	0.0932	193	1.6179	435	1.5401	212	1.4716
329	301	Larvae	114	Reproductive	443	21	29	13.59%	70.34%	1573	6	S329	303	0.0424	307	0.0454	402	0.0636	157	1.1848	436	1.1706	106	1.1508
330	186	Egg	125	Vegetative	477	23	26	60.32%	62.08%	1524	2	S330	290	0.1099	108	0.1348	355	0.1635	336	2.5476	373	2.2408	279	2.1616
331	266	Adult	154	Reproductive	334	19	32	12.85%	44.42%	1241	2	S331	304	0.0764	470	0.0973	338	0.115	106	2.0445	436	1.7032	28	1.6518
332	364	Pupae	122	Ripening	523	16	28	84.76%	35.75%	2645	2	S332	393	0.0803	211	0.0883	137	0.1014	419	1.5533	131	1.5246	429	1.5194
333	345	Larvae	167	Ripening	473	19	27	74.45%	69.82%	1714	2	S333	87	0.1099	44	0.1127	332	0.114	218	1.5412	354	1.5397	258	1.5236
334	162	Egg	167	Reproductive	319	17	28	39.01%	32.19%	2476	7	S334	21	0.0774	167	0.0809	121	0.0911	120	1.5229	157	1.5036	423	1.4957
335	498	Egg	158	Reproductive	185	17	28	49.62%	4.45%	3720	3	S335	240	0.1503	93	0.1627	257	0.1764	216	1.8738	389	1.8228	270	1.8215
336	444	Adult	97	Ripening	221	22	32	85.59%	48.07%	4640	8	S336	8	0.136	373	0.158	129	0.1694	284	2.8089	108	2.7295	237	2.7009
337	316	Larvae	100	Ripening	373	16	29	0.66%	61.77%	2900	1	S337	312	0.0823	125	0.0997	111	0.1559	106	1.7555	205	1.726	154	1.5864
338	300	Adult	108	Reproductive	258	22	31	38.36%	36.07%	631	5	S338	309	0.0751	196	0.0974	22	0.1014	106	1.7239	142	1.6	28	1.4675
339	385	Egg	118	Vegetative	502	18	29	19.53%	77.17%	3810	1	S339	148	0.1021	65	0.1462	489	0.1618	336	2.3705	326	2.2979	407	2.2325
340	336	Pupae	87	Vegetative	330	18	31	63.06%	55.85%	3544	8	S340	194	0.0595	2	0.0667	26	0.089	157	1.8093	152	1.778	90	1.6427
341	289	Larvae	173	Vegetative	351	22	24	4.56%	60.17%	1350	1	S341	298	0.1181	290	0.166	70	0.1932	336	2.4475	193	2.172	371	2.1714
342	162	Pupae	169	Reproductive	200	21	28	40.04%	47.14%	2152	6	S342	167	0.0405	334	0.1025	27	0.104	193	1.5187	236	1.5106	142	1.4477
343	496	Adult	110	Vegetative	375	19	29	41.99%	54.00%	1211	2	S343	162	0.0358	153	0.036	156	0.081	28	1.8442	488	1.7991	199	1.761
344	345	Adult	170	Reproductive	210	18	28	73.08%	3.37%	2592	1	S344	203	0.1308	268	0.1618	197	0.1893	56	2.1757	289	1.89334	139	1.7406
345	348	Larvae	60	Ripening	270	19	30	89.23%	54.97%	2230	1	S345	412	0.0779	111	0.0881	387	0.1474	251	1.6504	419	1.6265	366	1.5772
346	433	Egg	67	Ripening	308	20	24	47.44%	21.64%	4416	3	S346	35	0.0213	488	0.029	436	0.0639	326	2.1819	351	2.1445	272	1.9847
347	330	Adult	135	Ripening	368	19	32	45.10%	4.96%	534	2	S347	494	0.1008	81	0.1183	331	0.1311	354	2.1389	13	2.1061	106	2.0816
348	157	Pupae	134	Reproductive	372	16	25	22.37%	13.24%	4905	6	S348	257	0.0997	88	0.1029	444	0.1074	289	1.7824	20	1.6616	406	1.6605
349	253	Larvae	124	Reproductive	409	21	26	81.48%	53.26%	1838	8	S349	150	0.0453	383	0.104	52	0.1118	142	1.3628	83	1.322	89	1.2871
350	383	Egg	179	Ripening	318	19	29	24.20%	33.16%	3861	4	S350	165	0.059	250	0.0775	311	0.0997	193	1.5546	212	1.5338	271	1.4506
351	352	Adult	137	Vegetative	498	15	31	29.44%	90.24%	3839	7	S351	274	0.0737	458	0.0828	186	0.1426	183	2.56	75	2.4474	413	2.4065
352	402	Larvae	179	Vegetative	213	15	32	73.38%	38.81%	2569	7	S352	194	0.1345	463	0.1528	390	0.1591	152	2.1467	467	2.0378	379	1.9376
353	367	Larvae	124	Vegetative	505	19	26	76.11%	25.50%	851	6	S353	434	0.065	141	0.0757	30	0.1115	6	1.7205	488	1.6884	83	1.6353
354	322	Egg	120	Vegetative	195	15	26	85.12%	58.84%	4763	8	S354	459	0.1422	450	0.1767	340	0.2362	260	2.8048	407	2.6376	181	2.5641
355	157	Egg	166	Reproductive	324	22	27	23.32%	76.40%	2562	2	S355	492	0.0779	262	0.0897	117	0.1037	193	2.1423	249	1.9245	336	1.8902
356	360	Egg	91	Ripening	516	17	27	24.01%	85.78%	2682	4	S356	308	0.073	64	0.1075	92	0.1252	83	1.7873	336	1.7357	157	1.6727
357	429	Larvae	137	Vegetative	443	21	26	31.57%	38.04%	2357	8	S357	325	0.0996	188	0.1044	10	0.1112	236	1.8321	488	1.4842	90	1.4737
358	342	Adult	112	Reproductive	407	18	31	2.11%	62.87%	4320	8	S358	443	0.1195	307	0.1282	351	0.1439	228	1.9456	472	1.851	299	1.831
359	196	Adult	114	Reproductive	504	21	24	29.08%	28.14%	2487	8	S359	389	0.0475	287	0.1128	303	0.1174	236	2.0969	323	1.9349	77	1.7652
360	175	Larvae	200	Ripening	271	17	32	22.70%	34.47%	2721	2	S360	197	0.1598	312	0.1673	331	0.1727	106	2.2482	13	1.9846	154	1.9269
361	243	Egg	107	Vegetative	195	23	27	76.11%	98.86%	3836	4	S361	229	0.0768	144	0.1072	222	0.162	260	2.3421	249	2.2062	407	2.1586
362	496	Pupae	59	Reproductive	359	23	27	37.86%	29.95%	2698	7	S362	225	0.1003	431	0.1134	188	0.1368	90	1.6748	326	1.5943	197	1.5931
363	264	Larvae	82	Ripening	325	18	32	23.86%	17.33%	2001	8	S363	278	0.1301	196	0.1385	52	0.1537	78	1.8704	173	1.6677	375	1.6581
364	302	Pupae	148	Reproductive	429	15	26	55.94%	58.61%	2569	7	S364	18	0.074	481	0.0857	396	0.0884	83	1.6183	157	1.3231	6	1.3226
365	305	Egg	89	Reproductive	281	21	29	65.16%	34.92%	1691	7	S365	179	0.0957	430	0.1225	218	0.1269	172	1.5604	90	1.4709	78	1.4624
366	166	Egg	180	Vegetative	385	18	31	7.20%	3.96%	3111	6	S366	226	0.1344	334	0.1444	201	0.1881	157	2.2585	120	2.2069	336	2.1741
367	459	Adult	90	Reproductive	343	22	29	29.91%	50.28%	1622	2	S367	185	0.0801	343	0.0818	225	0.1039	354	1.5679	199	1.504	28	1.4878
368	487	Adult	124	Vegetative	193	15	27	85.70%	77.29%	4540	5	S368	458	0.1881	38	0.2405	480	0.253	143	2.5683	289	2.3182	300	2.286
369	445	Egg	121	Vegetative	490	18	30	66.88%	2.44%	1498	7	S369	227	0.0507	198	0.0999	414	0.1069	90	2.2835	157	2.229	12	1.9768
370	197	Pupae	55	Reproductive	468	20	32	85.52%	17.49%	3173	5	S370	376	0.0832	432	0.1187	33	0.1782	219	1.7186	131	1.7055	90	1.6308
371	282	Pupae	91	Reproductive	420	21	28	58.57%	96.83%	3089	1	S371	163	0.0993	168	0.1057	206	0.1175	336	1.389	279	1.3358	249	1.318
372	291	Pupae	119	Vegetative	347	23	25	17.76%	91.15%	1706	7	S372	280	0.0914	135	0.0995	445	0.1337	236	2.0916	172	1.7949	197	1.7884
373	427	Adult	92	Ripening	281	21	31	15.49%	77.84%	4820	7	S373	6	0.084	225	0.124	491	0.1304	472	2.4089	330	2.2408	106	2.2162
374	243	Pupae	138	Ripening	418	15	31	97.20%	28.76%	2707	8	S374	138	0.0551	97	0.1063	178	0.1085	341	2.1714	89	2.1467	145	2.1168
375	272	Pupae	117	Vegetative	204	17	25	95.74%	84.53%	2448	1	S375	475	0.0395	82	0.0763	245	0.0782	260	2.3872	56	2.3271	407	1.9482
376	254	Egg	118	Reproductive	492	20	32	86.79%	17.26%	3960	7	S376	370	0.0832	33	0.1198	190	0.1461	90	2.0581	48	1.9174	271	1.8576
377	396	Egg	105	Vegetative	507	15	32	60.01%	1.59%	3780	5	S377	369	0.1096	227	0.1771	378	0.2551	157	2.4649	90	2.2728	12	2.2435
378	378	Larvae	123	Vegetative	477	15	32	51.32%	16.43%	1977	1	S378	172	0.1207	94	0.1269	1	0.1463	127	2.1061	488	2.0447	56	2.0246
379	193	Adult	57	Ripening	520	16	24	31.19%	24.61%	3551	2	S379	398	0.1719	286	0.1876	159	0.2059	205	2.6975	251	2.3565	279	2.3241
380	496	Egg	97	Ripening	432	19	27	50.92%	71.90%	544	8	S380	160	0.0914	166	0.1447	64	0.1521	72	2.2515	83	2.2415	415	2.2023
381	391	Pupae	185	Ripening	328	19	32	74.92%	72.47%	993	5	S381	207	0.0824	97	0.1293	449	0.1644	106	1.919	71	1.9157	48	1.8316
382	337	Larvae	163	Reproductive	391	18	29	93.20%	4.27%	4930	3	S382	203	0.1342	43	0.1691	322	0.1818	253	1.3741	77	1.5788	424	1.4478
383	307	Larvae	186	Reproductive	318	19	29	79.64%	50.37%	2812	7	S383	390	0.0635	52	0.0715	220	0.0924	76	1.2605	173	1.172	35	1.1568
384	480	Pupae	96	Vegetative	450	17	26	74.10%	80.43%	2569	2	S384	148	0.055	84	0.0605	211	0.0959	336	1.8838	326	1.8834	407	1.8468
385	387	Egg	144	Vegetative	387	15	28	62.70%	94.76%	939	3	S385	1	0.1026	215	0.1297	384	0.1341	336	2.4229	157	2.1794	407	2.1013
386	167	Egg	164	Reproductive	225	17	31	43.86%	15.00%	2456	2	S386	328	0.0258	21	0.0542	311	0.123	193	1.9493	212	1.8716	399	1.8624
387	277	Adult	91	Ripening	396	21	31	76.54%	62.63%	4368	1	S387	81	0.1393	345	0.1474	327	0.1737	251	2.4843	237	2.2238	280	2.2188
388	265	Adult	107	Reproductive	467	23	24	49.07%	31.39%	3657	3	S388	288	0.1079	112	0.1387	403	0.1463	279	2.1011	251	1.9626	77	1.7728
389	271	Adult	131	Reproductive	517	23	26	13.68%	49.54%	1599	8	S389	359	0.0475	10	0.0914	303	0.0977	236	1.9809	472	1.9309	354	1.8481
390	448	Larvae	175	Reproductive	299	17	28	87.28%	17.11%	2637	8	S390	93	0.0527	383	0.0635	414	0.0951	113	1.5651	261	1.5307	253	1.5082
391	387	Larvae	167	Vegetative	373	17	31	26.99%	59.77%	792	6	S391	123	0.0951	215	0.1008	107	0.1124	157	1.8001	436	1.786	488	1.6174
392	271	Larvae	183	Reproductive	335	16	28	35.38%	81.78%	790	8	S392	223	0.0713	52	0.1007	215	0.117	436	1.5838	157	1.5521	319	1.5403
393	359	Egg	75	Ripening	480	16	30	77.01%	67.48%	3716	2	S393	236	0.0561	332	0.0803	62	0.0882	446	1.9216	131	1.9025	429	1.902
394	473	Egg	86	Vegetative	476	22	29	48.12%	16.77%	1657	2	S394	173	0.1231	273	0.1357	240	0.1505	272	2.3526	326	2.3322	90	2.0666
395	199	Egg	157	Ripening	216	17	31	75.20%	15.98%	563	7	S395	285	0.1716	278	0.2046	97	0.2079	78	2.3309	112	2.1704	241	2.1276
396	350	Pupae	113	Reproductive	396	18	27	59.76%	93.54%	3916	7	S396	18	0.066	364	0.0884	2	0.116	83	1.333	407	1.2831	260	1.1244
397	322	Pupae	137	Reproductive	201	18	24	40.08%	64.33%	2302	6	S397	439	0.1044	426	0.1167	215	0.1202	172	1.4248	319	1.377	81	1.3554
398	152	Larvae	68	Ripening	494	19	26	94.70%	31.93%	3437	2	S398	498	0.098	96	0.1388	379	0.1719	251	2.2876	279	2.177	186	2.1477
399	471	Adult	69	Ripening	451	19	27	32.57%	82.82%	4409	6	S399	479	0.0953	373	0.1444	491	0.1661	218	2.2956	472	2.2371	132	2.1191
400	194	Egg	93	Ripening	368	23	30	26.52%	77.37%	2748	5	S400	139	0.0782	411	0.1185	262	0.1218	368	1.9789	172	1.9598	249	1.8772
401	454	Adult	85	Reproductive	391	17	31	72.09%	70.02%	4924	6	S401	85	0.0164	193	0.0656	452	0.0925	183	2.3248	143	1.9777	300	1.9687
402	209	Pupae	175	Reproductive	433	22	28	27.79%	68.33%	1483	6	S402	329	0.0636	290	0.0847	303	0.0929	368	1.4792	193	1.4259	120	1.3797
403	289	Adult	95	Reproductive	438	21	25	17.59%	96.29%	4415	4	S403	112	0.0326	457	0.1048	70	0.1162	395	1.9451	472	1.866	218	1.8106
404	438	Pupae	151	Reproductive	351	21	28	1.76%	73.10%	4097	2	S404	54	0.0596	14	0.0899	225	0.10991	326	1.5117	407	1.4348	427	1.4028
405	385	Pupae	131	Vegetative	243	18	27	14.98%	80.26%	4331	4	S405	45	0.1192	404	0.1502	215	0.152	407	2.1072	46	1.7398	234	1.6044
406	415	Pupae	84	Vegetative	342	22	32	61.96%	88.21%	720	2	S406	130	0.0839	210	0.1099	244	0.145	199	1.9096	157	1.8327	28	1.7892
407	263	Adult	197	Ripening	483	23	29	94.91%	5.08%	1339	5	S407	46	0.1213	104	0.1626	196	0.2098	77	2.9522	251	2.7532	354	2.6376
408	293	Adult	129	Ripening	235	15	24	38.76%	40.95%	4800	2	S408	50	0.119	444	0.1219	497	0.1499	289	2.4122	205	2.4071	314	2.0687
409	238	Larvae	92	Reproductive	446	15	29	90.86%	35.19%	2329	3	S409	211	0.1263	52	0.1327	462	0.1341	56	1.5995	131	1.5029	127	1.4916
410	493	Pupae	132	Reproductive	482	22	32	10.60%	66.24%	3785	5	S410	14	0.0888	56	0.1046	225	0.132	302	1.8441	469	1.8014	96	1.743
411	295	Egg	143	Reproductive	322	23	31	14.82%	52.78%	2616	6	S411	151	0.0844	402	0.1087	419	0.1136	212	1.7469	120	1.6841	435	1.6444
412	287	Larvae	86	Ripening	182	17	29	55.97%	67.96%	2070	3	S412	111	0.0473	345	0.0779	497	0.0814	106	1.6781	489	1.4889	419	1.4517
413	463	Egg	125	Ripening	180	19	24	66.44%	29.15%	2397	2	S413	252	0.0757	436	0.0813	161	0.1016	351	2.4065	272	1.9008	186	1.9
414	438	Pupae	150	Vegetative	346	19	29	88.78%	9.63%	2914	8	S414	227	0.0724	390	0.0951	369	0.1069	90	1.8893	152	1.7694	379	1.6882
415	152	Adult	123	Vegetative	237	21	27	30.31%	31.29%	4760	3	S415	32	0.0792	72	0.0957	171	0.1382	289	2.4697	380	2.2023	279	2.159
416	328	Larvae	190	Vegetative	237	22	29	32.09%	28.77%	4588	5	S416	32	0.0637	320	0.0684	136	0.0689	236	1.7425	96	1.6035	437	1.6016
417	415	Larvae	170	Vegetative	191	15	28	60.68%	33.96%	964	1	S417	24	0.129	500	0.133	463	0.1438	53	2.5688	28	2.0146	139	1.9876
418	418	Adult	157	Reproductive	479	20	32	66.02%	44.08%	4162	6	S418	85	0.0281	115	0.0919	43	0.0925	253	2.0527	183	1.8615	77	1.7212
419	218	Egg	172	Vegetative	356	23	32	8.55%	67.68%	4343	6	S419	411	0.1136	136	0.1936	264	0.2298	120	2.2897	379	2.2331	169	2.0591
420	387	Egg	144	Vegetative	382	15	26	52.62%	13.34%	2306	2	S420	24	0.0615	254	0.132	463	0.1583	336	2.1167	373	1.9844	8	1.8728
421	428	Pupae	132	Reproductive	390	18	29	93.28%	95.21%	614	7	S421	434	0.1525	381	0.176	380	0.1764	294	1.9624	83	1.8683	379	1.6112
422	371	Larvae	70	Reproductive	357	15	25	0.90%	15.04%	3384	3	S422	254	0.1096	158	0.1354	88	0.1397	205	1.7466	289	1.66	326	1.6391
423	326	Adult	65	Ripening	400	22	25	63.06%	73.71%	2997	1	S423	437	0.1259	120	0.1571	498	0.1611	251	2.3273	366	2.1558	132	2.0484
424	173	Pupae	62	Vegetative	330	17	32	10.32%	99.08%	1336	4	S424	291	0.1138	244	0.1223	113	0.1241	157	2.7107	407	2.3644	436	2.1723
425	457	Larvae	141	Ripening	362	23	28	86.94%	25.90%	3567	5	S425	192	0.0666	453	0.072	283	0.1055	424	1.9898	237	1.8654	284	1.8414
426	228	Pupae	78	Reproductive	289	20	24	32.54%	52.37%	2449	3	S426	88	0.027	262	0.0653	255	0.0814	172	1.2684	279	1.2586	251	1.1807
427	170	Adult	90	Ripening	455	16	30	82.35%	16.58%	2555	6	S427	100	0.1397	409	0.1434	66	0.144	89	2.3249	145	2.1152	251	1.9523
428	310	Larvae	73	Ripening	208	22	31	19.64%	90.14%	1386	3	S428	22	0.1035	491	0.1281	109	0.1509	106	2.1389	172	1.7922	377	1.7542
429	160	Larvae	175	Vegetative	241	21	27	11.24%	19.63%	2046	7	S429	342	0.1057	201	0.1262	478	0.1452	236	2.5246	142	1.9941	62	1.9056
430	180	Egg	84	Reproductive	317	20	32	33.78%	69.12%	726	8	S430	139	0.1102	365	0.1225	92	0.1658	157	2.4319	78	2.1409	120	2.1245
431	400	Larvae	62	Reproductive	257	22	28	42.22%	5.97%	4134	5	S431	187	0.0419	225	0.0949	362	0.1134	326	1.3813	62	1.378	251	1.3465
432	168	Larvae	132	Reproductive	523	22	31	84.71%	20.74%	4374	5	S432	36	0.1184	370	0.1187	43	0.1532	77	2.1956	254	2.0277	237	1.9155
433	279	Larvae	88	Vegetative	454	15	26	37.29%	81.30%	4673	4	S433	254	0.1006	18	0.1229	171	0.1251	107	2.0875	279	1.9799	143	1.9632
434	463	Larvae	117	Vegetative	492	19	26	72.87%	76.64%	538	7	S434	154	0.0409	353	0.065	141	0.0813	83	1.9465	294	1.9431	247	1.8832
435	414	Adult	90	Reproductive	452	15	24	88.76%	53.25%	3367	8	S435	212	0.0732	159	0.1004	18	0.1076	143	2.337	89	2.0707	273	2.0234
436	490	Egg	115	Ripening	256	22	24	86.33%	34.74%	4456	3	S436	346	0.0639	413	0.0813	324	0.1801	351	2.361	113	2.2682	424	2.1723
437	351	Larvae	56	Ripening	494	20	26	57.51%	90.17%	568	1	S437	423	0.1259	333	0.1682	168	0.1964	186	1.9988	366	1.9761	354	1.9625
438	448	Egg	185	Reproductive	292	21	30	61.19%	66.89%	4314	6	S438	205	0.1033	165	0.1169	207	0.14	379	2.0307	169	1.6236	170	1.5979
439	340	Egg	136	Reproductive	255	21	27	34.78%	94.23%	2528	6	S439	492	0.0548	116	0.0806	167	0.093	172	1.6921	407	1.4914	81	1.4176
440	223	Larvae	182	Vegetative	241	23	24	95.71%	52.40%	2120	3	S440	230	0.0862	135	0.0898	49	0.945	56	2.3557	279	2.0537	236	2.0298
441	168	Pupae	160	Reproductive	432	16	31	33.48%	87.68%	2270	1	S441	182	0.0953	328	0.1079	1	0.1344	336	2.0444	106	1.7269	157	1.7076
442	278	Egg	75	Ripening	396	18	31	25.29%	46.56%	4546	1	S442	312	0.1153	393	0.1196	267	0.1322	249	1.9964	131	1.923	74	1.7711
443	308	Adult	55	Reproductive	278	16	29	37.25%	62.03%	4861	8	S443	301	0.086	358	0.1195	401	0.139	75	1.9354	477	1.9098	299	1.8624
444	204	Larvae	156	Reproductive	308	15	24	53.50%	34.09%	4061	3	S444	348	0.1074	50	0.112	257	0.1167	289	1.954	56	1.7349	234	1.6018
445	344	Pupae	64	Vegetative	435	21	27	71.23%	80.51%	1483	7	S445	141	0.0691	154	0.0961	434	0.1036	83	1.857	157	1.8073	90	1.7106
446	384	Larvae	159	Vegetative	182	23	24	59.15%	3.36%	1540	4	S446	266	0.0869	325	0.0895	74	0.1454	236	2.4699	56	2.3349	62	2.2457
447	285	Adult	196	Vegetative	354	22	28	44.47%	44.01%	4980	1	S447	72	0.0175	32	0.0451	416	0.1406	166	2.1235	380	2.1046	395	2.0344
448	462	Egg	77	Ripening	371	18	25	33.48%	19.58%	4018	5	S448	346	0.029	29	0.0506	35	0.0755	326	1.933	20	1.8488	351	1.666
449	462	Larvae	110	Ripening	363	18	30	56.45%	35.21%	1692	5	S449	491	0.0709	161	0.1114	129	0.1164	13	1.3565	71	1.3003	361	1.2766
450	291	Pupae	88	Vegetative	227	15	28	71.94%	13.78%	2917	5	S450	463	0.0626	24	0.079	468	0.084	152	1.8254	56	1.7962	260	1.7245
451	225	Egg	89	Vegetative	217	21	26	46.54%	21.58%	2554	5	S451	3	0.0546	179	0.0547	229	0.0646	236	1.6583	181	1.5861	142	1.5694
452	416	Adult	57	Reproductive	362	16	31	52.73%	76.29%	4161	2	S452	147	0.0862	401	0.0925	242	0.0955	183	2.1556	300	1.9561	143	1.7291
453	437	Pupae	184	Ripening	464	21	28	63.51%	32.55%	3429	5	S453	165	0.065	425	0.072	28	0.0866	424	1.736	271	1.6524	77	1.6299
454	362	Adult	166	Reproductive	410	16	32	85.52%	68.18%	2746	1	S454	242	0.0625	172	0.1757	197	0.1787	13	2.0647	183	2.012	253	1.9377
455	324	Larvae	186	Vegetative	438	21	25	95.08%	19.46%	2039	3	S455	440	0.1158	353	0.1227	87	0.179	373	1.9587	56	1.9466	279	1.8477
456	191	Larvae	147	Vegetative	199	17	32	29.93%	11.94%	3105	2	S456	38	0.152	386	0.1721	201	0.1777	56	2.1632	380	2.0604	289	2.0157
457	194	Adult	115	Reproductive	268	23	25	49.87%	95.10%	4782	5	S457	483	0.0448	25	0.1047	403	0.1048	377	2.1082	472	2.0372	11	2.0026
458	419	Adult	163	Vegetative	364	16	29	21.97%	82.17%	4792	5	S458	351	0.0828	186	0.0879	274	0.147	183	2.0776	300	2.0567	75	2.0355
459	237	Pupae	128	Vegetative	230	18	24	96.84%	52.07%	2707	7	S459	146	0.1065	463	0.1413	354	0.1422	260	2.1418	56	2.0701	181	2.0104
460	422	Adult	51	Ripening	362	20	25	25.49%	15.05%	3893	2	S460	120	0.1418	497	0.1441	423	0.166	251	2.0533	205	1.998	419	1.9178
461	359	Egg	75	Reproductive	250	15	32	61.55%	34.49%	3500	5	S461	53	0.1004	178	0.1235	465	0.1399	407	1.913	131	1.8774	152	1.8708
462	331	Pupae	59	Reproductive	373	15	26	85.83%	44.06%	3293	6	S462	364	0.1067	282	0.1089	51	0.1225	83	1.857	20	1.4992	143	1.4696
463	308	Pupae	133	Vegetative	225	18	28	62.03%	42.77%	1957	4	S463	209	0.019	194	0.0237	24	0.0269	260	1.2844	152	1.2573	379	1.2225
464	306	Pupae	143	Ripening	469	21	24	4.21%	41.65%	982	4	S464	290	0.0982	269	0.1194	255	0.1308	186	2.0218	368	1.9835	336	1.8744
465	301	Egg	90	Reproductive	354	15	30	5.51%	57.97%	4877	6	S465	53	0.0896	461	0.1399	133	0.1448	407	2.3064	157	2.0581	46	1.8925
466	400	Pupae	79	Ripening	511	17	27	96.28%	18.91%	2485	8	S466	204	0.0527	119	0.0987	138	0.0991	83	2.0962	90	2.0071	89	2.0046
467	418	Adult	200	Reproductive	470	17	29	15.04%	62.49%	2033	3	S467	149	0.0516	44	0.0903	94	0.1286	13	1.8253	106	1.7069	488	1.7013
468	277	Larvae	52	Vegetative	190	18	30	68.36%	28.66%	3777	6	S468	450	0.084	340	0.1129	171	0.1132	152	1.9926	289	1.8395	56	1.8012
469	312	Larvae	71	Ripening	206	15	25	62.92%	42.56%	2726	5	S469	497	0.0424	282	0.0783	412	0.094	419	1.9343	241	1.7456	205	1.7007
470	324	Adult	197	Reproductive	441	22	30	10.79%	22.82%	939	3	S470	331	0.0973	181	0.1338	467	0.1471	354	2.1053	106	1.9794	193	1.7833
471	332	Larvae	57	Reproductive	447	23	28	79.10%	34.68%	751	3	S471	185	0.093	168	0.0996	128	0.1449	272	1.799	186	1.708	251	1.6833
472	350	Egg	108	Vegetative	347	18	31	98.42%	2.20%	1083	1	S472	240	0.1394	200	0.1696	34	0.1699	373	2.4089	56	2.3977	399	2.2371
473	172	Egg	152	Reproductive	463	16	26	22.78%	72.56%	587	7	S473	481	0.1103	364	0.1247	334	0.1293	336	2.4584	157	2.3084	83	2.1403
474	487	Larvae	63	Ripening	392	20	25	80.20%	36.92%	1750	6	S474	161	0.0711	110	0.0968	29	0.1276	366	1.8316	419	1.7985	63	1.7352
475	171	Pupae	119	Vegetative	332	17	24	89.25%	82.26%	1877	2	S475	375	0.0395	245	0.1477	98	0.1512	336	2.2341	56	2.2198	260	2.2007
476	174	Egg	55	Ripening	443	20	24	45.15%	61.33%	2334	3	S476	267	0.1258	426	0.1325	96	0.1579	186	2.2782	172	2.0837	352	2.0378
477	492	Egg	178	Reproductive	524	21	25	4.31%	48.59%	598	3	S477	174	0.167	464	0.1826	290	0.2075	336	2.6946	8	2.283	272	2.2255
478	194	Larvae	180	Reproductive	261	21	31	4.76%	3.27%	835	8	S478	16	0.0556	429	0.1452	338	0.1924	236	2.3532	142	2.0799	212	2.0167
479	437	Larvae	56	Ripening	412	20	25	13.28%	46.31%	4330	8	S479	29	0.0884	399	0.0953	160	0.1205	472	2.1168	5	2.0388	113	2.0199
480	223	Adult	146	Vegetative	187	16	27	55.00%	79.37%	2864	7	S480	233	0.1015	272	0.1685	215	0.1805	289	2.1812	56	2.1292	140	1.958
481	198	Egg	103	Reproductive	378	15	28	62.08%	86.59%	2003	8	S481	364	0.0857	473	0.1103	146	0.123	157	2.2547	83	2.2216	260	1.9075
482	208	Egg	94	Reproductive	267	19	29	56.74%	82.88%	2918	1	S482	117	0.0898	328	0.0982	267	0.1139	249	1.8461	260	1.6899	407	1.5655
483	193	Adult	117	Reproductive	255	22	26	34.26%	74.20%	3359	7	S483	457	0.0448	25	0.0655	70	0.1398	236	1.7197	472	1.6834	377	1.6318
484	214	Egg	160	Reproductive	382	23	29	48.31%	16.57%	3502	3	S484	33	0.0566	151	0.0876	273	0.0963	193	2.0484	368	1.7003	212	1.699
485	184	Larvae	73	Vegetative	232	19	28	64.34%	85.48%	4483	3	S485	171	0.0325	99	0.1413	468	0.15	179	2.0295	260	1.9877	289	1.9318
486	240	Pupae	94	Ripening	238	19	28	46.04%	61.51%	4675	6	S486	491	0.0992	250	0.1116	111	0.1133	172	1.5151	94	1.4092	249	1.3359
487	439	Pupae	177	Ripening	308	19	25	41.73%	70.61%	4181	3	S487	493	0.1165	256	0.1207	350	0.1218	218	1.6582	424	1.5028	113	1.4816
488	222	Egg	99	Ripening	218	23	30	86.04%	85.46%	4211	5	S488	207	0.1304	400	0.1567	139	0.1598	9	2.2741	94	2.2493	17	2.1179
489	445	Egg	189	Vegetative	503	19	30	6.05%	33.16%	4105	4	S489	114	0.0857	14	0.1313	339	0.1618	326	2.1773	336	2.1578	270	1.9167
490	415	Pupae	153	Reproductive	318	23	24	78.55%	23.17%	3863	7	S490	69	0.0854	325	0.0939	281	0.1527	113	1.8556	424	1..8081	494	1.6016
491	361	Larvae	110	Ripening	310	20	29	51.62%	74.11%	2999	5	S491	449	0.0709	207	0.0771	111	0.09	106	1.1924	366	1.1413	472	1.1331
492	232	Egg	122	Reproductive	191	21	28	6.00%	91.11%	2895	4	S492	439	0.0548	262	0.0573	355	0.0779	249	1.9744	407	1.8578	172	1.8216
493	426	Larvae	192	Ripening	417	15	26	23.13%	57.75%	4816	3	S493	487	0.1165	37	0.1206	142	0.1517	218	2.2058	210	2.0015	13	1.9814
494	339	Larvae	122	Ripening	468	15	32	43.86%	22.41%	918	1	S494	347	0.1008	304	0.1509	81	0.1544	13	1.9147	361	1.871	457	1.8342
495	243	Adult	57	Vegetative	381	21	25	73.53%	70.83%	4986	5	S495	171	0.0424	485	0.1535	457	0.1626	279	2.5091	289	2.139	385	2.0025
496	442	Adult	130	Reproductive	196	21	29	38.96%	53.04%	3607	6	S496	268	0.057	225	0.0592	203	0.1118	103	1.5384	300	1.4863	108	1.4207
497	302	Larvae	86	Ripening	267	18	25	50.11%	37.14%	2503	3	S497	469	0.0424	111	0.0605	412	0.0814	419	1.5773	251	1.4759	186	1.4118
498	329	Larvae	53	Ripening	427	18	24	91.86%	52.04%	4573	3	S498	120	0.0812	398	0.098	67	0.1316	251	2.0002	279	1.9903	132	1.9309
499	344	Egg	196	Ripening	455	17	25	6.23%	49.21%	1927	8	S499	174	0.1646	7	0.1847	165	0.1899	176	2.1587	210	2.1015	336	2.0848
500	401	Adult	145	Vegetative	286	18	28	96.09%	71.32%	1254	1	S500	343	0.1128	107	0.1216	417	0.133	56	2.298	28	2.0982	190	1.9053
